1995 1000
200 150
200 1
250 150
250 20
250 175
450 70
400 100
250 45
450 35
500 25
250 40
450 60
500 35
450 25
450 45
250 15
450 90
600 10
600 50
600 25
600 125
600 100
600 45
600 80
700 70
700 80
600 60
700 90
600 5
1100 575
1100 275
800 1
1100 225
600 30
1200 60
1200 70
1200 375
1200 325
2000 925
1200 300
1200 625
2000 175
1200 350
2000 90
2000 900
2000 80
2000 100
2000 40
1200 400
2000 50
2000 975
2000 15
2000 20
2000 575
400 225
600 275
250 100
700 150
600 175
450 250
500 300
700 250
800 275
800 450
400 125
700 175
700 225
700 300
600 225
800 325
800 225
600 200
900 100
800 125
600 250
450 125
800 375
900 150
550 225
800 200
900 200
900 325
900 400
550 150
550 250
900 275
1100 475
900 250
1000 300
1000 1
1100 1
1200 1
1000 550
900 525
1000 225
1100 600
1000 325
1100 525
1000 525
900 550
1400 325
1000 450
1000 475
1400 550
1400 375
1000 350
1400 425
1000 275
1400 300
900 500
700 100
10 1
10 10
15 10
50 10
95 50
100 1
100 10
200 50
295 150
300 50
500 500
995 500
1995 1000
2000 500
350 5
350 20
350 30
350 45
350 100
350 125
500 150
350 200
550 300
550 325
500 200
350 150
300 80
300 100
450 200
500 225
300 125
300 175
750 225
750 250
750 275
750 300
750 325
750 350
750 400
750 425
750 450
1200 500
1300 100
1300 225
1700 150
1300 425
1300 350
1300 150
1700 100
1700 150
1700 200
1700 300
1700 350
1800 150
1800 200
1800 250
1800 275
1800 325
1900 1
1900 150
1900 200
2000 100
2000 175
2000 200
1600 225
1600 300
1600 325
1600 350
1600 375
1600 425
1500 300
1500 375
1500 400
2000 1
