50 1 0.0810179085422 0.108658590001 0.152515137915 0.215136637353 0.291854884335 0.218177112314
50 10 0.0774110250842 0.103626406136 0.145188129217 0.205955938297 0.278642636761 0.20635735167
50 50 29.6180608816 39.5744146807 55.3595582391 78.0890494053 105.936162202 73.1945393443
200 50 0.0899430153168 0.120433793092 0.168702892704 0.238000114919 0.320726660888 0.226243482736
10 1 0.0908757368233 0.121899896341 0.171037540298 0.241294736323 0.327353057072 0.236824174207
500 150 0.162565351545 0.217587470529 0.304975541857 0.432526817685 0.589060332656 0.399866629411
10 10 25.6611271057 34.2120417245 47.76775637 67.3845604953 91.4109539239 61.8264659931
300 50 0.0950627396067 0.127263894514 0.17831325333 0.251497696301 0.341219255509 0.238555605334
500 500 427.80025382 583.363982482 831.293675037 1210.48026365 1720.92374832 1171.58933148
1000 150 0.194887368726 0.260700118897 0.365286272271 0.518339179647 0.710165490225 0.477014894656
250 175 69.9606040709 94.5502298096 134.175968483 193.532501641 268.089297439 163.854235062
250 150 20.2213368747 27.2509960159 38.7782204515 55.6263833555 76.795042054 49.7034085879
450 45 0.118788819876 0.158385093168 0.221195652174 0.312034161491 0.424689440994 0.299611801242
500 35 0.140530093871 0.188109699982 0.26357445242 0.37180195104 0.504325418737 0.363427204123
450 60 0.108493194301 0.145188251214 0.203454588872 0.287033351906 0.39194459922 0.276287510945
700 225 0.35716385443 0.477982244694 0.669645481804 0.955082603328 1.30577929332 0.8801222882
700 80 0.317529857712 0.426674793806 0.59982094897 0.843825596678 1.14630754872 0.813539305511
600 45 0.20084888072 0.268812228114 0.376707347711 0.531409908897 0.720887490248 0.526253156858
700 90 0.317174196518 0.423793817596 0.592736058909 0.840684206489 1.14501035514 0.810961110685
600 60 0.210564168132 0.280752224176 0.392094187843 0.556310265836 0.757551542273 0.545122795802
400 225 25.2073629412 34.1121378932 48.7084962762 70.6528507734 98.1891548559 54.8733404738
1100 275 0.428692372816 0.573385669206 0.803509582083 1.13291772493 1.54775648426 1.08289078735
500 25 0.133193162081 0.178261267026 0.249748605905 0.352317396471 0.477923027699 0.348843587165
250 45 0.00252075919336 0.00341043890866 0.00479438513246 0.00682087781732 0.00939106366153 0.00637603795967
450 70 0.117151733159 0.15721059516 0.21975147155 0.311723348594 0.424542184434 0.299869195553
450 90 0.0880169671262 0.117974549311 0.166313184871 0.235949098621 0.323435843054 0.227377165076
400 125 0.223434535104 0.300284629981 0.42220113852 0.598790322581 0.815583491461 0.561432637571
1200 375 0.829491995402 1.11388925097 1.56655488275 2.22185355911 3.04660560026 2.13771937101
700 300 0.800881267119 1.07657496725 1.51363582232 2.15850899131 2.95105394784 1.9709420031
700 175 0.273243836733 0.365607950558 0.512303896045 0.726688248478 0.989744866774 0.685260226835
700 150 0.25276885841 0.338360315053 0.474126073866 0.672504302193 0.909672747323 0.633292452598
600 5 0.209901145869 0.280960746781 0.393712143063 0.555366179825 0.753467760967 0.55575949865
1000 550 156.157276319 211.431187372 301.802336425 437.613387816 612.082266569 324.352735719
600 225 0.355093478127 0.477262911088 0.671006355279 0.946504596779 1.2926513235 0.878632689579
2000 925 11.5080728272 15.5444864308 21.8996908279 31.6042597046 43.5131111874 30.2015344097
450 125 0.177177108212 0.237116479882 0.3321927246 0.47124747382 0.641764651846 0.450119419438
600 30 0.210239823288 0.280845692648 0.392868412749 0.554196907542 0.751945934575 0.546045019459
550 250 0.525081854562 0.705364000162 0.991956020858 1.40709001981 1.91600307207 1.2999717046
1100 475 1.52627907931 2.04734747466 2.88433922783 4.11520945308 5.62507692939 3.86493250728
250 20 0.00219443524346 0.00289831069891 0.00409903941703 0.00583802583637 0.00803246107983 0.00546538588937
2000 975 29.1885904182 39.2689005816 55.7740238161 79.5901412351 110.163389643 74.4392135143
1200 400 0.934089805515 1.25482378798 1.76467581589 2.50198062818 3.43095913517 2.41125507935
2000 900 7.99470065557 10.8499508897 15.3498252587 22.133899815 30.6768085155 21.402955755
350 20 0.114394413175 0.153116531165 0.214509068168 0.304304773817 0.414425682718 0.301073587659
300 125 0.184573537983 0.248008548669 0.348649698854 0.491742762774 0.671653390324 0.483582669516
350 30 0.128209191759 0.171843634443 0.242208135235 0.343581616482 0.467881669308 0.334231378764
700 70 0.32075543108 0.42937703429 0.601582014988 0.848535311483 1.15112406328 0.82582696238
600 200 0.255604539912 0.341900384579 0.479082637651 0.679814276334 0.931901322578 0.638776850202
500 200 0.264521807158 0.35399960884 0.496039507139 0.699687072169 0.95540778408 0.652747897516
2000 575 9.4871728225 12.7621968653 18.0386244899 25.7323317651 35.6353806566 24.7446261014
1100 600 190.064977671 257.37083836 367.430736343 532.943890617 745.232501534 387.53783309
2000 80 0.600300150075 0.821839491174 1.17201457872 1.70085042521 2.40834703066 1.6865575645
700 250 0.443017307064 0.592503900439 0.837052356591 1.18754762164 1.62766227641 1.10046805268
1400 375 1.28792007266 1.72388737511 2.41416893733 3.4259763851 4.6957311535 3.17892824705
2000 40 0.599486154725 0.81358835284 1.16328860976 1.68427062518 2.38367113902 1.6699971453
1000 225 0.263808738664 0.352294586425 0.492992580379 0.699642759 0.959054685353 0.6699642759
800 450 62.3868632014 83.7212309284 118.739763813 170.351693819 236.725282303 165.39522455
350 45 0.133366276835 0.17849887443 0.25015099105 0.354801515401 0.483226266952 0.339757316203
1400 550 2.68973582416 3.62829470149 5.1185942607 7.29856967225 10.0422801283 6.64787549852
250 15 0.00208375893769 0.00281920326864 0.00396322778345 0.00563840653728 0.00776302349336 0.00531154239019
1000 325 0.407059493311 0.546541417592 0.768573868488 1.09664104754 1.50868203814 1.06746370623
450 200 0.265258444466 0.35481358902 0.497177066096 0.705490119731 0.960770952984 0.662659398423
2000 50 0.600212509955 0.814574120653 1.16469808479 1.69345672452 2.38655926577 1.67202056345
1400 325 1.10901287554 1.48497854077 2.08068669528 2.95107296137 4.04635193133 2.77596566524
1200 350 0.739433473327 0.989634527746 1.38615852024 1.96698239657 2.69636314896 1.89102850505
900 250 0.00588981515042 0.00815512866981 0.011326567597 0.0167633200435 0.0235592606017 0.0163102573396
1000 450 1.32584940141 1.7827173386 2.50624696975 3.57475851266 4.88755454444 3.3882818036
900 525 239.322979859 322.737199709 455.289978161 657.000727979 904.210143169 588.449405484
800 375 0.0230453872838 0.0315357931252 0.0448778594474 0.0654974164908 0.0933944642554 0.0642845013706
600 275 0.717215215831 0.964318671178 1.35548036502 1.93376397006 2.64328924434 1.75535732595
500 225 0.401150660682 0.537080356578 0.75235506101 1.06752228615 1.45381551495 0.991338433331
1000 275 0.324746008708 0.436623125302 0.61320754717 0.870222544751 1.19315432995 0.841799709724
800 325 0.00980872976949 0.0126112239894 0.0182162124291 0.0266236950886 0.0371330484131 0.0259230715337
1400 300 1.03245333782 1.38893559778 1.95224482933 2.76946359509 3.79519085253 2.60299310577
900 275 0.00692897797575 0.00940361296709 0.012868101955 0.0188072259342 0.0267260579065 0.0188072259342
1200 60 0.417117117117 0.559459459459 0.788288288288 1.11891891892 1.53333333333 1.06846846847
500 300 93.0295340424 126.397062794 181.091733708 261.270989687 366.448895848 196.803628314
750 425 92.9986535872 125.793421812 179.649932679 257.645701096 357.953452587 214.560492402
450 25 0.104640512899 0.140054953442 0.19622958327 0.276751640971 0.377957563731 0.273164402381
450 250 27.3258033051 36.9810147161 52.7997285797 76.591413506 107.097923352 59.6417817611
800 200 0.00342146189736 0.00435458786936 0.00622083981337 0.00933125972006 0.0127527216174 0.00902021772939
600 80 0.213126993823 0.28670331908 0.399647050838 0.567026403312 0.772144166158 0.558881422657
900 400 0.0246993825154 0.0324991875203 0.0467988300292 0.0688982775431 0.0961975950601 0.0675983100422
300 80 0.134877771461 0.181495167709 0.25298465037 0.35879761228 0.488700966458 0.334280841387
450 35 0.108180839612 0.144548669845 0.202137475012 0.286790711979 0.390588958942 0.277794863909
750 450 208.826884268 282.53049048 403.176274458 581.732034746 810.739668334 458.453979117
1700 350 2.29889312553 3.10591196831 4.37937289453 6.2451412283 8.59215933069 5.84163180691
600 25 0.21118893985 0.28215473171 0.394648653621 0.556687211701 0.755260010776 0.55405884904
1700 150 1.94188128357 2.62016251205 3.69439471147 5.27131249139 7.2510673461 5.13359041454
550 325 100.726832223 136.82616596 196.062992126 284.373107208 397.698364627 210.78134464
900 100 0.00405654147302 0.00553164746321 0.0077443064485 0.0110632949264 0.015488612897 0.0106945184289
900 325 0.0090802957582 0.012323258529 0.0175119989623 0.0259437021663 0.036969775587 0.0252951096121
750 400 26.2023420063 35.1912434647 49.5001070107 70.5965083927 97.1351698413 64.7567798942
300 175 21.4649432041 28.9365452409 41.1672542107 59.3811202507 82.2561692127 49.6474735605
900 200 0.00484672240397 0.00646229653863 0.00928955127428 0.0137323801446 0.0189829960822 0.0133284866109
1200 300 0.609432421396 0.817680685994 1.14740710494 1.61902817477 2.21110657411 1.535320539
1700 300 2.15099563412 2.90348915628 4.09612039896 5.84247329003 8.0360628971 5.52656799063
1600 375 1.82514580855 2.46351159214 3.47619185793 4.95603981081 6.81890723384 4.61074195514
1800 150 2.65666372462 3.58781994704 5.05736981465 7.25507502207 10.0176522507 6.96822594881
1800 200 2.65780730897 3.57918050941 5.06312292359 7.26024363234 9.95791805094 6.91472868217
750 250 0.00144524334285 0.00216786501427 0.0028904866857 0.00433573002854 0.00578097337139 0.00397441919283
600 175 0.213141177586 0.285958092349 0.401441168105 0.566227363231 0.773300464587 0.526026358206
1800 250 2.72723208298 3.67952787589 5.1906827022 7.44400232485 10.2114722582 7.05503643761
1700 200 1.97755766433 2.65636905174 3.76809586479 5.37507792478 7.39419546997 5.17766849068
1800 275 2.77840219395 3.74499842647 5.28705660208 7.57991278155 10.4662140898 7.13033313852
750 275 0.00177793581652 0.00222241977065 0.00355587163303 0.00488932349542 0.00711174326607 0.00488932349542
600 250 0.479438781443 0.644161079028 0.905391263904 1.28444633929 1.74954459129 1.18367505135
600 125 0.249698844455 0.334319834625 0.468315462292 0.664475543195 0.904805104029 0.626849689921
1600 300 1.59139427209 2.14034212204 3.01644071086 4.3028639552 5.91921040228 4.08661177188
1200 500 0.0654547659572 0.0902824358031 0.128652471019 0.189593115186 0.266333185619 0.185078993396
1800 325 4.64078833478 6.25208069778 8.90205739397 12.7638324789 17.6243424995 11.5054264598
1500 300 1.36915302553 1.83561525504 2.58713773593 3.66907096273 5.02958579882 3.47255215307
1600 425 2.03691336288 2.73511019367 3.8795458685 5.53396879364 7.61338109404 5.07862303442
300 100 0.166463365048 0.223225176872 0.313328454094 0.441896397495 0.603561844352 0.40969342116
1100 225 0.341818706281 0.459363957597 0.641811494916 0.910074277061 1.24756616427 0.858152448258
1300 100 0.548373993453 0.733554753769 1.02864925569 1.46710950754 2.01787293016 1.39781606174
1500 400 1.54635535576 2.07828276885 2.92089344976 4.16833384329 5.69821357121 3.86706521995
1200 325 0.690475684633 0.924175147124 1.29490747626 1.83772759141 2.50270878922 1.73362510357
1600 325 1.64845965907 2.20449886265 3.11718947457 4.44550534977 6.11643123929 4.20118509366
1700 100 2.04780494487 2.76350934867 3.9004177796 5.59550715704 7.67413190877 5.41401273885
750 350 0.0740521327014 0.0997235387046 0.139218009479 0.19845971564 0.273499210111 0.185624012638
350 100 0.170960602036 0.229747675963 0.322886232846 0.455511288181 0.622045152722 0.421248339973
550 150 0.150253439537 0.202148201786 0.281800627565 0.399619840695 0.547912140961 0.375935312575
1300 225 0.625889046942 0.837404910631 1.17261426186 1.67357288639 2.28709258458 1.58203970561
750 225 0.00123954136969 0.00154942671212 0.00247908273939 0.00340873876666 0.00464828013635 0.00340873876666
1900 200 3.55588218667 4.7769800441 6.77257052405 9.71225055119 13.4094635084 9.14692746905
250 40 0.00248931473393 0.00328777417688 0.00464985205016 0.00662251655629 0.00906486308769 0.00615283453102
350 5 0.119024238979 0.159956586904 0.2248695023 0.317174014161 0.433148999948 0.315365135149
1000 475 2.10696077411 2.83269170742 3.98241598169 5.68099053168 7.8139631672 5.27520549371
1300 150 0.549386850163 0.73533316868 1.0299494136 1.46945889373 2.02246807478 1.41512393053
1600 225 1.4923759057 1.99794527955 2.82253703904 4.02562993403 5.53693089651 3.88504379799
750 325 0.00365070093458 0.00511098130841 0.00730140186916 0.0109521028037 0.0153329439252 0.0102219626168
1100 575 66.9671603348 90.648923231 129.426915647 187.736996494 260.928668527 140.373470702
1100 525 3.20044502132 4.30187279807 6.11162618209 8.71870943816 11.9933246801 7.88800296681
2000 175 0.616045845272 0.830945558739 1.18911174785 1.7335243553 2.44985673352 1.71203438395
1000 300 0.368974925296 0.49564765493 0.697024814863 0.988696894894 1.35507340522 0.962712745225
2000 200 0.631956912029 0.854578096948 1.22082585278 1.78096947935 2.51346499102 1.76660682226
1600 350 1.74039365369 2.3300196542 3.28709374199 4.68852365625 6.44885635343 4.4122254821
1900 1 0.404176490401 0.550129111934 0.785898731335 1.1451667228 1.61109239924 1.1283260357
2000 90 0.600385962404 0.814809520406 1.16503466514 1.69394610821 2.38724894575 1.67250375241
900 550 487.548842363 657.257829358 935.440601855 1349.50720243 1880.79547443 1133.72601621
1000 350 0.47412755716 0.63939029282 0.901724829523 1.27958283193 1.76494183714 1.24508624148
750 300 0.00288284132841 0.00403597785978 0.00518911439114 0.00749538745387 0.010954797048 0.00749538745387
1200 70 0.417117117117 0.561261261261 0.788288288288 1.11891891892 1.53333333333 1.06756756757
2000 15 0.599315068493 0.813356164384 1.162956621 1.69092465753 2.38299086758 1.66952054795
250 100 0.00529599535694 0.00718224027858 0.0100841555427 0.0143644805572 0.0197330237957 0.0134213580963
1100 1 0.282079013067 0.377448584152 0.528562341152 0.75019585142 1.0282451643 0.709898849553
900 500 84.0092829767 112.96393876 159.862324888 229.190373946 316.462153349 219.266947316
800 275 0.00530550888673 0.00707401184897 0.0101688920329 0.0145901494385 0.0207799098063 0.0141480236979
800 225 0.00338317883483 0.00439813248528 0.00642803978618 0.00947290073753 0.0135327153393 0.00947290073753
