600 300 0.396286035841 0.546922344386 0.802095056705 1.20812050905 1.75157994979 0.648645138949
800 300 0.502087646048 0.694361601347 1.02031507666 1.53678818287 2.2276411354 0.814357390969
1000 300 0.820668693009 1.13475177305 1.66700439041 2.51131374536 3.64066193853 1.32725430598
1200 300 1.39483054538 1.92509670313 2.82424366627 4.25365678715 6.18259599867 2.24018239106
1400 300 2.36111761127 3.27139982216 4.81583750644 7.23545654514 10.5068563673 3.80025272617
1700 300 5.17455349916 7.17099228403 10.5541466573 15.809636864 22.9968164895 8.32029353046
2000 300 11.2210761082 15.5538518725 22.8835610073 34.3834216151 49.9256574668 18.0629123687
2500 300 42.2077922078 58.4788774444 86.0949395432 129.683534856 188.013136289 67.9952231676
450 300 1.66275051831 2.30407740152 3.39115411196 5.0808569454 7.39046302695 2.75812024879
500 300 0.635245901639 0.878512880562 1.29069086651 1.94408665105 2.81850117096 1.04771662763
550 300 0.460158434296 0.63769804287 0.938490214352 1.41379310345 2.04939422181 0.759785647717
