900 500   .0221000 .0299000 .0427000 .0629000 .0903000 .0479000
900 650   .0589000 .0798000 .1139000 .1652000 .2338000 .1245000
1200 350   .0022000 .0030000 .0042000 .0063000 .0092000 .0041000
1350 300   .0015000 .0020000 .0029000 .0044000 .0065000 .0034000
1550 300   .0010000 .0014000 .0020000 .0031000 .0046000 .0023000
900 600   .0491000 .0664000 .0948000 .1391000 .1980000 .1041000
800 650   .1702000 .2359000 .3472000 .5257000 .7638000 .2993000
1350 700   .0033000 .0044000 .0064000 .0094000 .0136000 .0066000
1000 350   .0047000 .0064000 .0091000 .0133000 .0192000 .0107000
950 650   .0468000 .0630000 .0905000 .1312000 .1868000 .0992000
950 550   .0198000 .0268000 .0383000 .0564000 .0810000 .0431000
1050 650   .0126000 .0170000 .0243000 .0356000 .0512000 .0282000
1500 400   .0012000 .0017000 .0024000 .0037000 .0055000 .0029000
1100 500   .0050000 .0068000 .0098000 .0144000 .0206000 .0112000
1200 450   .0027000 .0037000 .0053000 .0078000 .0113000 .0054000
1300 700   .0041000 .0055000 .0080000 .0118000 .0170000 .0087000
1250 350   .0019000 .0026000 .0038000 .0057000 .0082000 .0038000
1950 500   .0006000 .0009000 .0013000 .0021000 .0032000 .0028000
1100 700   .0121000 .0164000 .0233000 .0344000 .0494000 .0272000
850 650   .0563000 .0759000 .1080000 .1558000 .2172000 .1296000
1050 500   .0071000 .0096000 .0138000 .0202000 .0291000 .0158000
800 550   .0827000 .1111000 .1575000 .2246000 .3090000 .1911000
1000 650   .0332000 .0448000 .0632000 .0911000 .1270000 .0765000
800 600   .0797000 .1069000 .1516000 .2175000 .3003000 .1833000
1900 650   .0008000 .0011000 .0016000 .0025000 .0038000 .0027000
1100 600   .0073000 .0099000 .0141000 .0207000 .0295000 .0169000
800 300   .0345000 .0467000 .0661000 .0953000 .1329000 .0748000
1100 800   .0192000 .0260000 .0372000 .0545000 .0776000 .0463000
850 550   .0368000 .0498000 .0710000 .1042000 .1483000 .0790000
1100 750   .0117000 .0158000 .0226000 .0330000 .0474000 .0274000
850 400   .0179000 .0241000 .0345000 .0503000 .0715000 .0414000
1000 800   .0286000 .0387000 .0551000 .0802000 .1133000 .0643000
850 500   .0354000 .0477000 .0679000 .0985000 .1386000 .0824000
1000 700   .0394000 .0529000 .0751000 .1083000 .1509000 .0918000
1050 750   .0174000 .0235000 .0336000 .0490000 .0700000 .0416000
2300 450   .0004000 .0005000 .0008000 .0014000 .0022000 .0023000
950 700   .0414000 .0558000 .0795000 .1140000 .1604000 .0959000
2250 400   .0004000 .0006000 .0009000 .0014000 .0023000 .0023000
1050 800   .0230000 .0312000 .0445000 .0649000 .0927000 .0550000
850 600   .0581000 .0781000 .1110000 .1592000 .2225000 .1354000
800 500   .0797000 .1075000 .1516000 .2175000 .2983000 .1883000
2000 450   .0006000 .0008000 .0012000 .0019000 .0030000 .0028000
950 750   .0350000 .0473000 .0676000 .0985000 .1391000 .0847000
800 450   .0674000 .0913000 .1293000 .1854000 .2560000 .1532000
850 450   .0192000 .0260000 .0372000 .0539000 .0763000 .0456000
2300 650   .0004000 .0006000 .0010000 .0016000 .0025000 .0025000
1350 750   .0038000 .0051000 .0073000 .0108000 .0156000 .0080000
850 350   .0118000 .0160000 .0230000 .0335000 .0479000 .0274000
800 400   .0607000 .0820000 .1168000 .1676000 .2328000 .1343000
1050 700   .0184000 .0249000 .0354000 .0517000 .0734000 .0430000
1000 550   .0169000 .0228000 .0325000 .0471000 .0667000 .0382000
900 450   .0112000 .0152000 .0217000 .0316000 .0452000 .0266000
1200 800   .0141000 .0190000 .0270000 .0394000 .0556000 .0325000
1100 650   .0077000 .0104000 .0148000 .0217000 .0309000 .0174000
1150 700   .0089000 .0120000 .0171000 .0250000 .0357000 .0205000
950 450   .0092000 .0124000 .0177000 .0258000 .0369000 .0213000
1400 300   .0014000 .0019000 .0027000 .0041000 .0060000 .0032000
800 350   .0437000 .0593000 .0839000 .1210000 .1676000 .0960000
900 350   .0071000 .0097000 .0138000 .0202000 .0289000 .0167000
1300 800   .0059000 .0079000 .0113000 .0166000 .0237000 .0132000
1350 800   .0044000 .0060000 .0086000 .0127000 .0181000 .0097000
2100 700   .0006000 .0009000 .0013000 .0020000 .0031000 .0029000
1050 400   .0046000 .0062000 .0089000 .0131000 .0186000 .0105000
900 550   .0219000 .0296000 .0423000 .0620000 .0878000 .0509000
1000 400   .0058000 .0079000 .0112000 .0164000 .0236000 .0136000
2200 600   .0005000 .0007000 .0011000 .0017000 .0027000 .0026000
2100 550   .0005000 .0007000 .0011000 .0018000 .0028000 .0027000
900 400   .0103000 .0139000 .0199000 .0293000 .0418000 .0244000
950 300   .0050000 .0067000 .0096000 .0140000 .0200000 .0116000
2200 300   .0004000 .0006000 .0009000 .0015000 .0023000 .0024000
1050 550   .0085000 .0115000 .0163000 .0240000 .0341000 .0196000
1200 700   .0071000 .0097000 .0138000 .0202000 .0288000 .0163000
1150 650   .0062000 .0084000 .0120000 .0176000 .0250000 .0142000
950 800   .1096000 .1482000 .2117000 .3070000 .4267000 .2460000
2350 700   .0004000 .0006000 .0009000 .0015000 .0024000 .0025000
2450 450   .0003000 .0005000 .0007000 .0012000 .0020000 .0020000
1050 350   .0038000 .0052000 .0074000 .0108000 .0155000 .0085000
2400 350   .0003000 .0005000 .0007000 .0012000 .0020000 .0020000
2200 550   .0005000 .0007000 .0010000 .0016000 .0025000 .0026000
1450 350   .0013000 .0018000 .0026000 .0039000 .0058000 .0030000
1950 300   .0006000 .0008000 .0012000 .0019000 .0029000 .0028000
1300 650   .0034000 .0046000 .0065000 .0096000 .0139000 .0069000
2000 350   .0005000 .0008000 .0012000 .0018000 .0028000 .0027000
950 600   .0344000 .0462000 .0656000 .0946000 .1318000 .0792000
1950 400   .0006000 .0008000 .0013000 .0020000 .0031000 .0028000
2000 300   .0005000 .0007000 .0011000 .0018000 .0028000 .0027000
1450 300   .0012000 .0017000 .0025000 .0037000 .0055000 .0029000
1150 500   .0039000 .0052000 .0075000 .0109000 .0157000 .0084000
1450 750   .0027000 .0037000 .0053000 .0079000 .0114000 .0056000
2250 600   .0004000 .0006000 .0010000 .0016000 .0025000 .0025000
1350 650   .0029000 .0039000 .0056000 .0082000 .0118000 .0058000
1550 750   .0021000 .0028000 .0040000 .0060000 .0088000 .0045000
3800 450   .0001000 .0002000 .0004000 .0008000 .0012000 .0005000
2350 400   .0003000 .0005000 .0008000 .0013000 .0021000 .0021000
2050 300   .0005000 .0007000 .0011000 .0017000 .0026000 .0026000
1200 550   .0036000 .0048000 .0069000 .0102000 .0146000 .0076000
1550 500   .0013000 .0018000 .0026000 .0039000 .0058000 .0030000
1400 450   .0016000 .0022000 .0032000 .0049000 .0071000 .0036000
2250 800   .0005000 .0008000 .0012000 .0019000 .0029000 .0028000
2350 500   .0004000 .0005000 .0008000 .0013000 .0022000 .0022000
950 500   .0151000 .0204000 .0290000 .0422000 .0597000 .0342000
1100 450   .0042000 .0056000 .0080000 .0118000 .0169000 .0092000
1250 400   .0022000 .0030000 .0042000 .0063000 .0091000 .0041000
900 300   .0068000 .0091000 .0130000 .0191000 .0274000 .0159000
1150 300   .0024000 .0032000 .0046000 .0069000 .0099000 .0045000
2450 600   .0003000 .0005000 .0008000 .0013000 .0021000 .0022000
1050 450   .0055000 .0074000 .0106000 .0155000 .0220000 .0125000
1300 550   .0026000 .0035000 .0050000 .0074000 .0107000 .0051000
1200 750   .0095000 .0128000 .0184000 .0268000 .0381000 .0225000
2300 700   .0005000 .0006000 .0010000 .0016000 .0025000 .0027000
2250 350   .0004000 .0005000 .0009000 .0014000 .0022000 .0023000
1500 350   .0012000 .0016000 .0023000 .0036000 .0053000 .0028000
1450 550   .0017000 .0023000 .0034000 .0051000 .0074000 .0037000
1900 500   .0007000 .0010000 .0014000 .0022000 .0034000 .0029000
2450 700   .0004000 .0005000 .0008000 .0014000 .0022000 .0023000
1150 800   .0162000 .0219000 .0312000 .0453000 .0645000 .0389000
2250 550   .0004000 .0006000 .0009000 .0015000 .0024000 .0021000
2450 350   .0003000 .0004000 .0007000 .0012000 .0019000 .0016000
2050 700   .0007000 .0009000 .0014000 .0022000 .0033000 .0030000
1200 600   .0042000 .0057000 .0081000 .0119000 .0171000 .0093000
2150 400   .0004000 .0006000 .0010000 .0016000 .0025000 .0025000
1200 400   .0024000 .0033000 .0047000 .0070000 .0101000 .0047000
950 400   .0073000 .0099000 .0141000 .0207000 .0295000 .0171000
1000 600   .0289000 .0390000 .0555000 .0800000 .1116000 .0663000
2150 650   .0005000 .0008000 .0012000 .0018000 .0029000 .0028000
1050 600   .0116000 .0156000 .0222000 .0326000 .0464000 .0269000
1850 300   .0006000 .0009000 .0014000 .0021000 .0033000 .0029000
1950 350   .0006000 .0008000 .0012000 .0019000 .0030000 .0028000
2400 700   .0004000 .0006000 .0009000 .0014000 .0023000 .0024000
2800 800   .0003000 .0004000 .0006000 .0011000 .0018000 .0015000
1950 550   .0007000 .0009000 .0014000 .0022000 .0033000 .0029000
1450 400   .0014000 .0019000 .0027000 .0041000 .0061000 .0032000
2550 550   .0003000 .0004000 .0007000 .0012000 .0019000 .0018000
2000 550   .0006000 .0009000 .0013000 .0021000 .0032000 .0029000
1000 300   .0039000 .0053000 .0076000 .0111000 .0159000 .0089000
2050 750   .0007000 .0010000 .0015000 .0023000 .0035000 .0030000
1250 650   .0042000 .0056000 .0081000 .0118000 .0170000 .0090000
1100 400   .0037000 .0050000 .0072000 .0106000 .0152000 .0080000
2800 700   .0002000 .0004000 .0006000 .0010000 .0017000 .0014000
1450 700   .0024000 .0032000 .0047000 .0070000 .0101000 .0048000
1100 300   .0028000 .0038000 .0055000 .0082000 .0118000 .0058000
2550 400   .0003000 .0004000 .0006000 .0011000 .0018000 .0017000
1150 600   .0053000 .0072000 .0103000 .0151000 .0215000 .0122000
3600 800   .0001000 .0002000 .0004000 .0008000 .0012000 .0005000
2350 450   .0004000 .0005000 .0008000 .0013000 .0021000 .0018000
2600 750   .0003000 .0005000 .0007000 .0012000 .0020000 .0020000
2550 500   .0003000 .0004000 .0007000 .0011000 .0019000 .0018000
2200 400   .0004000 .0006000 .0009000 .0015000 .0024000 .0025000
2300 800   .0005000 .0007000 .0011000 .0018000 .0028000 .0027000
2350 750   .0004000 .0006000 .0010000 .0016000 .0025000 .0026000
2450 750   .0004000 .0006000 .0009000 .0014000 .0023000 .0024000
2850 650   .0002000 .0003000 .0006000 .0010000 .0016000 .0012000
3000 450   .0002000 .0003000 .0005000 .0009000 .0014000 .0009000
2700 400   .0002000 .0003000 .0006000 .0010000 .0017000 .0013000
1850 750   .0009000 .0013000 .0019000 .0030000 .0044000 .0026000
1150 450   .0034000 .0045000 .0065000 .0095000 .0137000 .0071000
2300 400   .0004000 .0005000 .0008000 .0014000 .0022000 .0022000
2600 350   .0003000 .0004000 .0006000 .0011000 .0018000 .0015000
2600 450   .0003000 .0004000 .0006000 .0011000 .0018000 .0016000
2350 350   .0003000 .0005000 .0008000 .0013000 .0021000 .0019000
3150 650   .0002000 .0003000 .0005000 .0008000 .0014000 .0008000
3750 400   .0001000 .0002000 .0004000 .0008000 .0012000 .0005000
2800 750   .0002000 .0004000 .0006000 .0010000 .0018000 .0015000
1250 800   .0083000 .0112000 .0160000 .0234000 .0334000 .0193000
3100 500   .0002000 .0003000 .0005000 .0008000 .0014000 .0008000
2550 800   .0004000 .0005000 .0008000 .0013000 .0021000 .0022000
1400 650   .0024000 .0033000 .0047000 .0070000 .0102000 .0049000
1900 600   .0008000 .0011000 .0016000 .0025000 .0037000 .0028000
2600 400   .0003000 .0004000 .0006000 .0011000 .0018000 .0016000
2600 700   .0003000 .0004000 .0007000 .0012000 .0020000 .0019000
3150 700   .0002000 .0003000 .0005000 .0008000 .0014000 .0008000
2800 300   .0002000 .0003000 .0005000 .0009000 .0016000 .0011000
3250 750   .0002000 .0003000 .0004000 .0008000 .0013000 .0007000
1800 650   .0009000 .0013000 .0019000 .0029000 .0044000 .0026000
3800 300   .0001000 .0002000 .0004000 .0008000 .0013000 .0005000
3250 800   .0002000 .0003000 .0005000 .0008000 .0014000 .0007000
3300 300   .0001000 .0002000 .0004000 .0008000 .0013000 .0006000
3400 750   .0001000 .0002000 .0004000 .0008000 .0013000 .0006000
2700 500   .0002000 .0004000 .0006000 .0010000 .0017000 .0014000
2250 750   .0005000 .0007000 .0011000 .0018000 .0028000 .0027000
3850 750   .0001000 .0002000 .0004000 .0008000 .0012000 .0005000
3550 800   .0001000 .0002000 .0004000 .0008000 .0012000 .0005000
1500 500   .0014000 .0020000 .0028000 .0043000 .0063000 .0033000
600 800   .0003000 .0005000 .0008000 .0013000 .0021000 .0021000
2500 700   .0003000 .0005000 .0008000 .0013000 .0021000 .0022000
2800 450   .0002000 .0003000 .0005000 .0009000 .0016000 .0012000
3500 550   .0001000 .0002000 .0004000 .0008000 .0013000 .0005000
2900 300   .0002000 .0003000 .0005000 .0009000 .0015000 .0010000
3600 600   .0001000 .0002000 .0004000 .0008000 .0012000 .0005000
3450 600   .0001000 .0002000 .0004000 .0008000 .0013000 .0005000
3650 600   .0001000 .0002000 .0004000 .0008000 .0012000 .0005000
2150 700   .0006000 .0008000 .0012000 .0019000 .0030000 .0028000
3300 700   .0002000 .0002000 .0004000 .0008000 .0013000 .0006000
2500 600   .0003000 .0005000 .0008000 .0013000 .0020000 .0021000
2750 400   .0002000 .0003000 .0005000 .0010000 .0016000 .0012000
2700 700   .0003000 .0004000 .0006000 .0011000 .0018000 .0016000
3200 450   .0002000 .0002000 .0004000 .0008000 .0013000 .0006000
2750 700   .0002000 .0004000 .0006000 .0011000 .0018000 .0015000
3900 700   .0001000 .0002000 .0004000 .0008000 .0012000 .0005000
3800 700   .0001000 .0002000 .0004000 .0008000 .0012000 .0005000
600 300   .1227000 .1664000 .2380000 .3434000 .4786000 .2618000
1250 450   .0024000 .0033000 .0047000 .0069000 .0100000 .0047000
2400 550   .0004000 .0005000 .0008000 .0013000 .0021000 .0022000
1200 850   .0148000 .0201000 .0288000 .0425000 .0610000 .0343000
2950 350   .0002000 .0003000 .0005000 .0009000 .0015000 .0009000
1200 650   .0053000 .0072000 .0102000 .0151000 .0215000 .0120000
2700 450   .0002000 .0003000 .0006000 .0010000 .0017000 .0014000
2400 950   .0005000 .0007000 .0011000 .0017000 .0027000 .0027000
3650 550   .0001000 .0002000 .0004000 .0008000 .0012000 .0005000
3900 500   .0001000 .0002000 .0004000 .0008000 .0013000 .0005000
2550 700   .0003000 .0005000 .0007000 .0012000 .0020000 .0020000
2750 800   .0003000 .0004000 .0006000 .0011000 .0018000 .0016000
3900 650   .0001000 .0002000 .0004000 .0008000 .0012000 .0005000
3150 450   .0002000 .0003000 .0004000 .0008000 .0013000 .0007000
1300 1000   .0111000 .0151000 .0215000 .0319000 .0459000 .0251000
3250 600   .0002000 .0002000 .0004000 .0008000 .0013000 .0006000
3150 400   .0002000 .0002000 .0004000 .0008000 .0013000 .0007000
3050 450   .0002000 .0003000 .0005000 .0008000 .0014000 .0008000
3250 700   .0002000 .0002000 .0004000 .0008000 .0013000 .0008000
2750 550   .0002000 .0003000 .0006000 .0010000 .0017000 .0014000
3300 750   .0002000 .0002000 .0004000 .0008000 .0013000 .0006000
3950 600   .0001000 .0002000 .0004000 .0008000 .0012000 .0005000
3050 300   .0002000 .0003000 .0005000 .0008000 .0014000 .0008000
2100 1000   .0009000 .0013000 .0019000 .0029000 .0044000 .0033000
3050 400   .0002000 .0003000 .0005000 .0008000 .0014000 .0008000
3000 500   .0002000 .0003000 .0005000 .0009000 .0015000 .0009000
3850 650   .0001000 .0002000 .0004000 .0008000 .0012000 .0004000
2850 300   .0002000 .0003000 .0005000 .0009000 .0015000 .0010000
2150 300   .0004000 .0006000 .0009000 .0015000 .0024000 .0025000
1900 900   .0011000 .0016000 .0023000 .0035000 .0052000 .0030000
3100 300   .0002000 .0003000 .0005000 .0008000 .0014000 .0007000
3400 300   .0001000 .0002000 .0004000 .0008000 .0013000 .0005000
3850 500   .0001000 .0002000 .0004000 .0008000 .0012000 .0005000
2700 850   .0003000 .0004000 .0007000 .0012000 .0019000 .0019000
550 500   .0001000 .0002000 .0004000 .0008000 .0012000 .0005000
2950 300   .0002000 .0003000 .0005000 .0009000 .0015000 .0009000
3800 400   .0001000 .0002000 .0004000 .0008000 .0012000 .0005000
1850 700   .0009000 .0013000 .0019000 .0029000 .0044000 .0025000
3950 400   .0001000 .0002000 .0004000 .0008000 .0013000 .0005000
3000 700   .0002000 .0003000 .0005000 .0009000 .0015000 .0010000
1050 850   .0234000 .0318000 .0456000 .0669000 .0963000 .0530000
1500 900   .0034000 .0046000 .0067000 .0099000 .0143000 .0070000
600 350   .1426000 .1937000 .2776000 .4026000 .5630000 .2919000
2950 800   .0002000 .0003000 .0005000 .0010000 .0016000 .0012000
1550 900   .0028000 .0038000 .0055000 .0081000 .0118000 .0058000
3600 700   .0001000 .0002000 .0004000 .0008000 .0012000 .0005000
3350 750   .0001000 .0002000 .0004000 .0008000 .0013000 .0006000
2450 300   .0003000 .0004000 .0007000 .0012000 .0019000 .0019000
3550 300   .0001000 .0002000 .0004000 .0008000 .0012000 .0005000
1600 950   .0028000 .0038000 .0054000 .0081000 .0118000 .0058000
3600 350   .0001000 .0002000 .0004000 .0008000 .0012000 .0005000
1200 1000   .0150000 .0203000 .0290000 .0428000 .0618000 .0325000
2900 750   .0002000 .0003000 .0006000 .0010000 .0017000 .0013000
1250 900   .0083000 .0112000 .0161000 .0237000 .0342000 .0186000
2400 750   .0004000 .0006000 .0009000 .0015000 .0024000 .0025000
2550 750   .0003000 .0005000 .0008000 .0013000 .0021000 .0021000
1500 850   .0030000 .0041000 .0058000 .0087000 .0126000 .0062000
3550 750   .0001000 .0002000 .0004000 .0008000 .0012000 .0005000
2250 900   .0006000 .0008000 .0012000 .0020000 .0031000 .0028000
3350 300   .0001000 .0002000 .0004000 .0008000 .0013000 .0006000
1400 350   .0014000 .0020000 .0029000 .0043000 .0063000 .0033000
2700 300   .0002000 .0003000 .0006000 .0010000 .0017000 .0013000
3500 350   .0001000 .0002000 .0004000 .0008000 .0013000 .0005000
2300 950   .0006000 .0008000 .0012000 .0020000 .0031000 .0028000
2100 600   .0006000 .0008000 .0012000 .0019000 .0029000 .0028000
3850 300   .0001000 .0002000 .0004000 .0008000 .0013000 .0005000
3650 300   .0001000 .0002000 .0004000 .0008000 .0012000 .0005000
4000 450   .0001000 .0002000 .0004000 .0009000 .0013000 .0005000
2700 350   .0002000 .0003000 .0006000 .0010000 .0017000 .0013000
3550 600   .0001000 .0002000 .0004000 .0008000 .0012000 .0005000
2500 950   .0004000 .0006000 .0010000 .0016000 .0025000 .0026000
1050 300   .0034000 .0046000 .0065000 .0096000 .0138000 .0073000
3300 800   .0002000 .0003000 .0004000 .0008000 .0013000 .0007000
3400 450   .0001000 .0002000 .0004000 .0008000 .0013000 .0005000
3100 800   .0002000 .0003000 .0005000 .0009000 .0015000 .0009000
2800 350   .0002000 .0003000 .0005000 .0009000 .0016000 .0011000
3650 700   .0001000 .0002000 .0004000 .0008000 .0012000 .0005000
2200 700   .0005000 .0007000 .0011000 .0018000 .0028000 .0028000
3700 700   .0001000 .0002000 .0004000 .0008000 .0012000 .0005000
1250 1000   .0125000 .0169000 .0241000 .0355000 .0513000 .0282000
1650 900   .0022000 .0030000 .0043000 .0064000 .0094000 .0048000
3900 450   .0001000 .0002000 .0004000 .0008000 .0013000 .0005000
3750 500   .0001000 .0002000 .0004000 .0008000 .0012000 .0005000
2600 1000   .0004000 .0006000 .0009000 .0014000 .0023000 .0024000
2000 600   .0006000 .0009000 .0014000 .0021000 .0033000 .0029000
3300 450   .0001000 .0002000 .0004000 .0008000 .0013000 .0006000
2750 300   .0002000 .0003000 .0005000 .0009000 .0016000 .0012000
3550 400   .0001000 .0002000 .0004000 .0008000 .0012000 .0005000
3050 500   .0002000 .0003000 .0005000 .0008000 .0014000 .0008000
3600 650   .0001000 .0002000 .0004000 .0008000 .0012000 .0005000
1550 1000   .0041000 .0055000 .0080000 .0118000 .0171000 .008400
3700 450   .0001000 .0002000 .0004000 .0008000 .0012000 .0005000
4000 350   .0001000 .0002000 .0004000 .0009000 .0013000 .0005000
3750 650   .0001000 .0002000 .0004000 .0008000 .0012000 .0005000
600 450   .1665000 .2272000 .3267000 .4738000 .6585000 .3326000
3550 350   .0001000 .0002000 .0004000 .0008000 .0012000 .0005000
2400 850   .0004000 .0006000 .0010000 .0016000 .0025000 .0026000
3000 650   .0002000 .0003000 .0005000 .0009000 .0015000 .0010000
2500 750   .0004000 .0005000 .0008000 .0014000 .0022000 .0023000
2050 900   .0008000 .0012000 .0017000 .0027000 .0041000 .0031000
750 450   .0936000 .1264000 .1802000 .2599000 .3600000 .1986000
1650 1000   .0028000 .0038000 .0054000 .0081000 .0118000 .0058000
850 750   .0002000 .0003000 .0006000 .0010000 .0017000 .0013000
3350 550   .0029000 .0031000 .0034000 .0040000 .0051000 .0006000
3650 750   .0001000 .0002000 .0004000 .0008000 .0012000 .0005000
3750 450   .0001000 .0002000 .0004000 .0008000 .0012000 .0005000
1200 900   .0148000 .0200000 .0287000 .0422000 .0607000 .0340000
2650 1000   .0004000 .0005000 .0008000 .0014000 .0022000 .0023000
1950 650   .0007000 .0010000 .0015000 .0024000 .0036000 .0029000
3850 700   .0001000 .0002000 .0004000 .0008000 .0012000 .0004000
1100 550   .0058000 .0077000 .0111000 .0162000 .0232000 .0131000
1800 850   .0013000 .0018000 .0027000 .0040000 .0060000 .0032000
3400 800   .0001000 .0002000 .0004000 .0008000 .0013000 .0006000
2450 800   .0004000 .0006000 .0009000 .0015000 .0024000 .0022000
2250 850   .0006000 .0008000 .0012000 .0019000 .0029000 .0028000
1800 700   .0010000 .0014000 .0021000 .0031000 .0047000 .0026000
750 600   .1187000 .1614000 .2292000 .3307000 .4581000 .2478000
3000 300   .0002000 .0003000 .0005000 .0009000 .0014000 .0008000
1200 950   .0146000 .0198000 .0283000 .0417000 .0602000 .0335000
1250 850   .0083000 .0113000 .0163000 .0240000 .0344000 .0189000
1500 300   .0011000 .0015000 .0022000 .0034000 .0051000 .0026000
3450 700   .0091000 .0093000 .0099000 .0111000 .0130000 .0005000
3250 500   .0002000 .0002000 .0004000 .0008000 .0013000 .0006000
2900 400   .0002000 .0003000 .0005000 .0009000 .0015000 .0010000
1550 950   .0033000 .0045000 .0066000 .0097000 .0141000 .0069000
2500 850   .0004000 .0006000 .0009000 .0015000 .0023000 .0024000
1400 950   .0067000 .0090000 .0130000 .0191000 .0276000 .0147000
3850 550   .0001000 .0002000 .0004000 .0008000 .0012000 .0005000
2300 850   .0005000 .0007000 .0011000 .0018000 .0028000 .0027000
2300 1000   .0006000 .0009000 .0013000 .0021000 .0033000 .003000
4000 1000   .0001000 .0002000 .0004000 .0008000 .0013000 .0005000
2850 400   .0002000 .0003000 .0005000 .0009000 .0016000 .0011000
3150 600   .0002000 .0003000 .0005000 .0008000 .0014000 .0007000
1500 450   .0013000 .0018000 .0026000 .0040000 .0059000 .0030000
2150 1000   .0008000 .0011000 .0017000 .0026000 .0040000 .0032000
2050 1000   .0010000 .0014000 .0020000 .0032000 .0048000 .0032000
3200 750   .0002000 .0003000 .0005000 .0008000 .0014000 .0008000
2000 900   .0009000 .0013000 .0019000 .0030000 .0045000 .0030000
1350 950   .0071000 .0096000 .0138000 .0203000 .0293000 .0156000
750 550   .1194000 .1620000 .2307000 .3328000 .4610000 .2452000
1850 1000   .0016000 .0022000 .0032000 .0048000 .0072000 .0037000
3050 600   .0002000 .0003000 .0005000 .0009000 .0014000 .0009000
3550 450   .0001000 .0002000 .0004000 .0008000 .0012000 .0005000
1150 350   .0026000 .0035000 .0051000 .0075000 .0108000 .0051000
3200 1000   .0002000 .0003000 .0005000 .0009000 .0015000 .0010000
900 550   .0002000 .0003000 .0005000 .0009000 .0016000 .0011000
3800 350   .0001000 .0002000 .0004000 .0008000 .0013000 .0005000
3100 600   .0002000 .0003000 .0005000 .0008000 .0014000 .0008000
2300 900   .0005000 .0008000 .0012000 .0019000 .0029000 .0028000
1550 450   .0012000 .0016000 .0024000 .0037000 .0054000 .0028000
2350 900   .0005000 .0007000 .0011000 .0017000 .0027000 .0027000
1950 950   .0011000 .0015000 .0023000 .0035000 .0052000 .0031000
2150 900   .0125000 .0127000 .0132000 .0142000 .0160000 .0030000
3250 350   .0001000 .0002000 .0004000 .0008000 .0013000 .0006000
3300 500   .0001000 .0002000 .0004000 .0008000 .0013000 .0006000
3350 600   .0001000 .0002000 .0004000 .0008000 .0013000 .0006000
4000 650   .0001000 .0002000 .0004000 .0008000 .0013000 .0005000
3100 350   .0002000 .0003000 .0005000 .0008000 .0014000 .0007000
2600 600   .0003000 .0004000 .0007000 .0011000 .0019000 .0018000
2450 650   .0004000 .0005000 .0008000 .0013000 .0022000 .0019000
1850 850   .0012000 .0016000 .0023000 .0036000 .0053000 .0030000
1850 900   .0013000 .0017000 .0026000 .0039000 .0058000 .0032000
3250 550   .0002000 .0002000 .0004000 .0008000 .0013000 .0006000
1950 900   .0156000 .0159000 .0165000 .0178000 .0199000 .0030000
1900 950   .0013000 .0017000 .0025000 .0038000 .0058000 .0032000
1300 450   .0021000 .0028000 .0041000 .0061000 .0088000 .0041000
2000 950   .0010000 .0014000 .0021000 .0032000 .0048000 .0031000
3050 750   .0002000 .0003000 .0005000 .0009000 .0015000 .0010000
1950 850   .0009000 .0013000 .0019000 .0029000 .0044000 .0029000
3200 700   .0002000 .0003000 .0005000 .0008000 .0014000 .0007000
1950 1000   .0012000 .0017000 .0025000 .0038000 .0057000 .0032000
3150 500   .0002000 .0003000 .0004000 .0008000 .0014000 .0007000
3250 450   .0001000 .0002000 .0004000 .0008000 .0013000 .0006000
3400 650   .0091000 .0094000 .0099000 .0111000 .0131000 .0006000
3950 350   .0001000 .0002000 .0004000 .0009000 .0013000 .0005000
3600 300   .0001000 .0002000 .0004000 .0008000 .0013000 .0005000
2700 900   .0003000 .0004000 .0007000 .0012000 .0020000 .0019000
1150 850   .0169000 .0229000 .0329000 .0482000 .0694000 .0388000
3750 350   .0001000 .0002000 .0004000 .0008000 .0012000 .0005000
3750 550   .0001000 .0002000 .0004000 .0008000 .0012000 .0005000
3600 500   .0001000 .0002000 .0004000 .0008000 .0012000 .0005000
3750 600   .0001000 .0002000 .0004000 .0008000 .0012000 .0005000
2650 950   .0003000 .0005000 .0008000 .0013000 .0021000 .0022000
1400 900   .0052000 .0071000 .0101000 .0149000 .0217000 .0112000
1700 1000   .0023000 .0031000 .0046000 .0068000 .0099000 .0050000
3450 750   .0001000 .0002000 .0004000 .0008000 .0013000 .0005000
3700 350   .0001000 .0002000 .0004000 .0008000 .0012000 .0005000
2900 600   .0002000 .0003000 .0005000 .0009000 .0016000 .0011000
2150 500   .0005000 .0007000 .0010000 .0017000 .0026000 .0026000
2350 950   .0005000 .0008000 .0012000 .0018000 .0029000 .0028000
3300 350   .0001000 .0002000 .0004000 .0008000 .0013000 .0006000
2700 650   .0003000 .0004000 .0006000 .0011000 .0018000 .0016000
1100 350   .0031000 .0042000 .0060000 .0088000 .0127000 .0065000
1900 1000   .0014000 .0019000 .0028000 .0043000 .0064000 .0034000
1150 900   .0168000 .0227000 .0325000 .0479000 .0688000 .0384000
2850 450   .0002000 .0003000 .0005000 .0009000 .0016000 .0011000
1800 950   .0016000 .0022000 .0032000 .0049000 .0072000 .0038000
1750 900   .0017000 .0023000 .0034000 .0050000 .0074000 .0038000
2050 850   .0008000 .0011000 .0016000 .0025000 .0038000 .0030000
3750 800   .0001000 .0002000 .0004000 .0008000 .0012000 .0005000
3950 650   .0001000 .0002000 .0004000 .0008000 .0012000 .0005000
1600 850   .0023000 .0031000 .0045000 .0067000 .0098000 .0049000
1450 500   .0016000 .0022000 .0031000 .0047000 .0069000 .0035000
3400 550   .0001000 .0002000 .0004000 .0008000 .0013000 .0005000
2200 1000   .0007000 .0010000 .0016000 .0024000 .0037000 .0031000
2800 850   .0003000 .0004000 .0006000 .0011000 .0018000 .0016000
3850 400   .0001000 .0002000 .0004000 .0008000 .0012000 .0005000
650 500   .1563000 .2126000 .3032000 .4422000 .6165000 .3150000
1450 950   .0051000 .0069000 .0100000 .0148000 .0213000 .0109000
2400 900   .0005000 .0007000 .0010000 .0017000 .0026000 .0026000
2450 850   .0004000 .0006000 .0009000 .0015000 .0024000 .0025000
3500 750   .0001000 .0002000 .0004000 .0008000 .0013000 .0005000
700 500   .1467000 .2002000 .2878000 .4175000 .5838000 .2929000
2250 950   .0006000 .0009000 .0013000 .0021000 .0032000 .0029000
2700 1000   .0003000 .0005000 .0008000 .0013000 .0021000 .0021000
3700 600   .0001000 .0002000 .0004000 .0008000 .0012000 .0005000
2450 950   .0005000 .0007000 .0010000 .0016000 .0026000 .0027000
1300 850   .0058000 .0079000 .0113000 .0167000 .0241000 .0127000
2750 750   .0003000 .0004000 .0006000 .0011000 .0018000 .0016000
1650 850   .0020000 .0027000 .0039000 .0059000 .0086000 .0044000
1550 850   .0026000 .0036000 .0051000 .0076000 .0111000 .0055000
2100 850   .0007000 .0010000 .0015000 .0023000 .0036000 .0030000
3200 650   .0002000 .0003000 .0004000 .0008000 .0013000 .0007000
650 450   .1561000 .2129000 .3062000 .4441000 .6209000 .3059000
2700 550   .0002000 .0004000 .0006000 .0010000 .0017000 .0015000
2650 500   .0003000 .0004000 .0006000 .0010000 .0017000 .0015000
3400 500   .0001000 .0002000 .0004000 .0008000 .0013000 .0005000
1450 1000   .0066000 .0089000 .0129000 .0190000 .0274000 .0144000
1150 400   .0030000 .0040000 .0058000 .0085000 .0123000 .0061000
1250 950   .0081000 .0111000 .0158000 .0234000 .0337000 .0180000
2750 850   .0003000 .0004000 .0007000 .0011000 .0019000 .0017000
1250 500   .0027000 .0037000 .0053000 .0078000 .0112000 .0053000
2650 750   .0003000 .0004000 .0007000 .0012000 .0019000 .0018000
2950 650   .0002000 .0003000 .0005000 .0009000 .0016000 .0011000
1850 350   .0006000 .0009000 .0014000 .0021000 .0033000 .0028000
2050 950   .0009000 .0013000 .0019000 .0029000 .0044000 .0032000
1300 900   .0057000 .0078000 .0111000 .0164000 .0237000 .0123000
2350 850   .0005000 .0007000 .0010000 .0017000 .0026000 .0026000
3450 350   .0001000 .0002000 .0004000 .0008000 .0013000 .0005000
650 400   .1358000 .1855000 .2644000 .3835000 .5363000 .2810000
2700 800   .0003000 .0004000 .0007000 .0011000 .0019000 .0018000
4000 400   .0001000 .0002000 .0004000 .0009000 .0013000 .0005000
2150 450   .0005000 .0007000 .0010000 .0016000 .0025000 .0025000
1650 950   .0024000 .0033000 .0047000 .0070000 .0102000 .0051000
2000 400   .0006000 .0008000 .0012000 .0019000 .0029000 .0027000
3550 550   .0001000 .0002000 .0004000 .0008000 .0012000 .0005000
1950 450   .0006000 .0009000 .0013000 .0020000 .0031000 .0029000
3500 600   .0001000 .0002000 .0004000 .0008000 .0013000 .0005000
1900 850   .0010000 .0014000 .0021000 .0032000 .0048000 .0029000
2100 900   .0008000 .0011000 .0016000 .0025000 .0038000 .0031000
2800 550   .0002000 .0003000 .0006000 .0010000 .0017000 .0013000
2200 950   .0007000 .0010000 .0014000 .0023000 .0035000 .0030000
2750 1000   .0003000 .0005000 .0007000 .0012000 .0020000 .0020000
2350 1000   .0006000 .0008000 .0012000 .0020000 .0030000 .0029000
3600 400   .0001000 .0002000 .0004000 .0008000 .0012000 .0005000
3900 750   .0001000 .0002000 .0004000 .0008000 .0012000 .0005000
2350 650   .0004000 .0006000 .0009000 .0015000 .0023000 .0024000
2050 650   .0006000 .0009000 .0013000 .0021000 .0032000 .0025000
2200 900   .0006000 .0009000 .0013000 .0021000 .0033000 .0029000
2100 800   .0007000 .0010000 .0014000 .0023000 .0035000 .0030000
3500 700   .0001000 .0002000 .0004000 .0008000 .0013000 .0005000
3850 450   .0001000 .0002000 .0004000 .0008000 .0012000 .0005000
3100 550   .0002000 .0003000 .0005000 .0008000 .0014000 .0008000
1750 850   .0015000 .0021000 .0030000 .0046000 .0068000 .0035000
2750 900   .0003000 .0004000 .0007000 .0011000 .0019000 .0018000
2650 850   .0003000 .0005000 .0007000 .0012000 .0020000 .0020000
2750 950   .0003000 .0004000 .0007000 .0012000 .0020000 .0019000
2600 850   .0003000 .0005000 .0008000 .0013000 .0021000 .0021000
2750 350   .0002000 .0003000 .0005000 .0010000 .0016000 .0012000
600 400   .1740000 .2374000 .3413000 .5005000 .6999000 .3380000
3800 650   .0001000 .0002000 .0004000 .0008000 .0012000 .0005000
2300 300   .0004000 .0005000 .0008000 .0013000 .0021000 .0022000
2400 650   .0004000 .0005000 .0009000 .0014000 .0023000 .0023000
2150 850   .0007000 .0009000 .0014000 .0022000 .0034000 .0029000
2050 550   .0006000 .0008000 .0012000 .0019000 .0030000 .0029000
2350 600   .0004000 .0006000 .0009000 .0014000 .0023000 .0024000
2050 600   .0006000 .0008000 .0013000 .0020000 .0031000 .0029000
750 300   .0555000 .0754000 .1080000 .1567000 .2191000 .1182000
2400 1000   .0005000 .0007000 .0011000 .0018000 .0029000 .0028000
2150 800   .0006000 .0009000 .0013000 .0021000 .0033000 .0029000
1450 900   .0042000 .0057000 .0081000 .0120000 .0174000 .0087000
3050 800   .0002000 .0003000 .0005000 .0009000 .0015000 .0010000
1450 650   .0021000 .0029000 .0042000 .0062000 .0090000 .0044000
2450 1000   .0005000 .0007000 .0011000 .0017000 .0027000 .0027000
2000 1000   .0011000 .0015000 .0023000 .0035000 .0052000 .0032000
2900 650   .0002000 .0003000 .0005000 .0009000 .0016000 .0012000
3850 800   .0001000 .0002000 .0004000 .0008000 .0012000 .0005000
3700 650   .0001000 .0002000 .0004000 .0008000 .0012000 .0005000
2600 650   .0003000 .0004000 .0007000 .0012000 .0019000 .0018000
3650 450   .0001000 .0002000 .0004000 .0008000 .0012000 .0005000
3900 400   .0001000 .0002000 .0004000 .0008000 .0013000 .0005000
1500 600   .0017000 .0023000 .0033000 .0050000 .0073000 .0037000
2300 500   .0004000 .0006000 .0009000 .0014000 .0023000 .0023000
1400 700   .0027000 .0036000 .0052000 .0077000 .0111000 .0053000
1150 950   .0165000 .0224000 .0320000 .0471000 .0680000 .0376000
3100 750   .0002000 .0003000 .0005000 .0009000 .0015000 .0009000
1100 850   .0197000 .0266000 .0383000 .0561000 .0808000 .0449000
1750 950   .0019000 .0025000 .0037000 .0055000 .0081000 .0042000
2850 600   .0002000 .0003000 .0005000 .0009000 .0016000 .0012000
2950 500   .0002000 .0003000 .0005000 .0009000 .0015000 .0010000
700 400   .1159000 .1572000 .2249000 .3243000 .4493000 .2461000
3650 350   .0001000 .0002000 .0004000 .0008000 .0012000 .0005000
3100 700   .0002000 .0003000 .0005000 .0009000 .0014000 .0009000
1700 850   .0018000 .0024000 .0035000 .0052000 .0077000 .0040000
950 350   .0057000 .0076000 .0109000 .0160000 .0228000 .0132000
1350 900   .0054000 .0074000 .0106000 .0156000 .0225000 .0117000
2050 400   .0005000 .0007000 .0011000 .0018000 .0028000 .0026000
2450 400   .0003000 .0004000 .0007000 .0012000 .0019000 .0019000
1200 500   .0030000 .0041000 .0059000 .0087000 .0125000 .0063000
3850 600   .0001000 .0002000 .0004000 .0008000 .0012000 .0004000
2100 400   .0005000 .0007000 .0010000 .0017000 .0026000 .0026000
1800 800   .0012000 .0017000 .0025000 .0038000 .0056000 .0030000
3650 500   .0001000 .0002000 .0004000 .0008000 .0012000 .0005000
1800 1000   .0018000 .0025000 .0036000 .0055000 .0081000 .0041000
2550 850   .0004000 .0005000 .0008000 .0014000 .0022000 .0023000
2550 900   .0004000 .0006000 .0009000 .0014000 .0023000 .0024000
2950 750   .0002000 .0003000 .0005000 .0009000 .0016000 .0012000
1500 950   .0041000 .0056000 .0080000 .0118000 .0172000 .0085000
1550 400   .0011000 .0015000 .0023000 .0034000 .0051000 .0026000
3750 300   .0001000 .0002000 .0004000 .0008000 .0012000 .0005000
1800 500   .0008000 .0011000 .0017000 .0026000 .0039000 .0026000
2500 800   .0004000 .0005000 .0009000 .0014000 .0023000 .0021000
3050 350   .0002000 .0003000 .0005000 .0008000 .0014000 .0008000
1800 750   .0011000 .0015000 .0022000 .0033000 .0049000 .0027000
1600 900   .0025000 .0034000 .0049000 .0072000 .0106000 .0053000
1850 550   .0008000 .0011000 .0016000 .0025000 .0038000 .0028000
2350 800   .0005000 .0007000 .0010000 .0017000 .0026000 .0027000
1500 1000   .0051000 .0069000 .0099000 .0147000 .0213000 .0108000
3500 450   .0001000 .0002000 .0004000 .0008000 .0013000 .0005000
1300 600   .0030000 .0041000 .0059000 .0087000 .0126000 .0061000
2550 950   .0004000 .0006000 .0009000 .0015000 .0024000 .0025000
1550 550   .0013000 .0018000 .0026000 .0040000 .0059000 .0031000
3700 300   .0001000 .0002000 .0004000 .0008000 .0013000 .0005000
1650 450   .0010000 .0014000 .0020000 .0031000 .0046000 .0024000
2700 950   .0003000 .0005000 .0007000 .0012000 .0021000 .0020000
1400 850   .0042000 .0058000 .0083000 .0122000 .0177000 .0090000
1550 650   .0016000 .0022000 .0032000 .0047000 .0070000 .0036000
2250 300   .0004000 .0005000 .0008000 .0014000 .0022000 .0023000
2500 450   .0003000 .0004000 .0007000 .0012000 .0019000 .0019000
2600 900   .0004000 .0005000 .0008000 .0013000 .0022000 .0022000
3600 550   .0001000 .0002000 .0004000 .0008000 .0012000 .0005000
2500 900   .0004000 .0006000 .0009000 .0015000 .0024000 .0025000
2250 1000   .0007000 .0010000 .0014000 .0022000 .0035000 .0030000
1800 550   .0008000 .0012000 .0018000 .0027000 .0041000 .0026000
1150 550   .0044000 .0060000 .0085000 .0125000 .0179000 .0098000
2500 500   .0003000 .0004000 .0007000 .0012000 .0019000 .0017000
1300 950   .0075000 .0102000 .0147000 .0217000 .0313000 .0169000
1800 300   .0007000 .0010000 .0014000 .0022000 .0034000 .0028000
2450 900   .0004000 .0006000 .0010000 .0016000 .0025000 .0026000
3650 650   .0001000 .0002000 .0004000 .0008000 .0012000 .0005000
2500 400   .0003000 .0004000 .0007000 .0011000 .0019000 .0016000
2050 500   .0005000 .0008000 .0012000 .0019000 .0029000 .0028000
2100 450   .0005000 .0007000 .0011000 .0017000 .0027000 .0026000
1850 450   .0007000 .0010000 .0015000 .0023000 .0035000 .0028000
1350 500   .0020000 .0028000 .0040000 .0059000 .0086000 .0040000
2350 550   .0004000 .0005000 .0008000 .0014000 .0022000 .0023000
2500 350   .0003000 .0004000 .0007000 .0011000 .0019000 .0018000
1750 700   .0011000 .0015000 .0023000 .0034000 .0051000 .0027000
1600 750   .0018000 .0025000 .0036000 .0053000 .0078000 .0040000
2200 750   .0006000 .0008000 .0012000 .0019000 .0029000 .0028000
2050 450   .0005000 .0007000 .0011000 .0018000 .0028000 .0027000
1750 800   .0014000 .0019000 .0028000 .0042000 .0063000 .0033000
2250 700   .0005000 .0007000 .0011000 .0017000 .0027000 .0027000
1900 800   .0009000 .0013000 .0020000 .0030000 .0045000 .0028000
1550 700   .0018000 .0025000 .0036000 .0054000 .0079000 .0040000
1400 400   .0015000 .0021000 .0030000 .0045000 .0066000 .0034000
2150 600   .0005000 .0007000 .0011000 .0018000 .0028000 .0028000
1700 750   .0014000 .0019000 .0028000 .0042000 .0062000 .0032000
2250 500   .0004000 .0006000 .0009000 .0015000 .0024000 .0024000
2000 700   .0007000 .0010000 .0015000 .0023000 .0036000 .0029000
2100 300   .0005000 .0006000 .0010000 .0016000 .0025000 .0025000
1750 400   .0008000 .0011000 .0016000 .0025000 .0039000 .0025000
2300 750   .0005000 .0007000 .0010000 .0017000 .0026000 .0026000
2050 800   .0007000 .0010000 .0016000 .0024000 .0037000 .0030000
2200 450   .0004000 .0006000 .0009000 .0015000 .0024000 .0024000
2150 550   .0005000 .0007000 .0011000 .0017000 .0027000 .0026000
1900 400   .0006000 .0009000 .0013000 .0021000 .0032000 .0029000
1200 300   .0020000 .0027000 .0039000 .0058000 .0084000 .0038000
2000 650   .0007000 .0009000 .0014000 .0022000 .0034000 .0029000
2200 350   .0004000 .0006000 .0009000 .0015000 .0023000 .0024000
1400 550   .0020000 .0027000 .0038000 .0057000 .0083000 .0040000
1300 400   .0019000 .0026000 .0038000 .0056000 .0082000 .0039000
1950 750   .0008000 .0011000 .0016000 .0025000 .0038000 .0028000
2100 750   .0006000 .0009000 .0014000 .0021000 .0033000 .0030000
1450 450   .0015000 .0020000 .0029000 .0044000 .0065000 .0033000
1650 350   .0009000 .0012000 .0018000 .0028000 .0042000 .0021000
2100 650   .0006000 .0008000 .0012000 .0020000 .0031000 .0028000
1950 700   .0008000 .0011000 .0016000 .0025000 .0038000 .0029000
1800 450   .0008000 .0011000 .0016000 .0025000 .0037000 .0027000
1350 600   .0026000 .0035000 .0050000 .0074000 .0108000 .0051000
2250 650   .0005000 .0007000 .0010000 .0016000 .0026000 .0023000
3100 950   .0002000 .0003000 .0005000 .0009000 .0016000 .0011000
1900 300   .0006000 .0008000 .0013000 .0020000 .0031000 .0029000
1300 500   .0024000 .0032000 .0046000 .0068000 .0099000 .0046000
3450 900   .0001000 .0002000 .0004000 .0008000 .0013000 .0006000
3900 850   .0001000 .0002000 .0004000 .0008000 .0012000 .0005000
3600 950   .0001000 .0002000 .0004000 .0008000 .0013000 .0005000
3300 950   .0002000 .0003000 .0005000 .0009000 .0014000 .0008000
3950 1000   .0001000 .0002000 .0004000 .0008000 .0013000 .0005000
2850 950   .0003000 .0004000 .0006000 .0011000 .0018000 .0016000
2850 1000   .0003000 .0004000 .0007000 .0011000 .0019000 .0017000
2900 900   .0002000 .0004000 .0006000 .0010000 .0017000 .0014000
2500 650   .0003000 .0005000 .0008000 .0013000 .0021000 .0018000
2900 1000   .0003000 .0004000 .0006000 .0011000 .0018000 .0016000
3050 1000   .0002000 .0003000 .0005000 .0010000 .0017000 .0012000
3250 950   .0002000 .0003000 .0005000 .0009000 .0014000 .0008000
3000 900   .0002000 .0003000 .0005000 .0010000 .0017000 .0012000
3550 900   .0001000 .0002000 .0004000 .0008000 .0013000 .0005000
3750 900   .0001000 .0002000 .0004000 .0008000 .0012000 .0005000
3600 900   .0001000 .0002000 .0004000 .0008000 .0013000 .0005000
3700 1000   .0001000 .0002000 .0004000 .0008000 .0013000 .0005000
3000 1000   .0002000 .0003000 .0006000 .0010000 .0017000 .0013000
3300 900   .0002000 .0003000 .0005000 .0008000 .0014000 .0007000
3600 850   .0001000 .0002000 .0004000 .0008000 .0013000 .0005000
2950 950   .0002000 .0003000 .0006000 .0010000 .0017000 .0014000
3400 950   .0002000 .0002000 .0004000 .0008000 .0013000 .0007000
3350 1000   .0002000 .0003000 .0005000 .0008000 .0014000 .0007000
2800 1000   .0003000 .0004000 .0007000 .0012000 .0019000 .0018000
3300 1000   .0002000 .0003000 .0005000 .0009000 .0014000 .0008000
2950 850   .0002000 .0003000 .0006000 .0010000 .0017000 .0013000
2800 900   .0003000 .0004000 .0006000 .0011000 .0018000 .0017000
3050 950   .0002000 .0003000 .0005000 .0009000 .0016000 .0012000
3500 850   .0001000 .0002000 .0004000 .0008000 .0013000 .0005000
3200 850   .0002000 .0003000 .0005000 .0009000 .0014000 .0008000
2800 950   .0003000 .0004000 .0007000 .0011000 .0019000 .0017000
3050 850   .0002000 .0003000 .0005000 .0009000 .0016000 .0011000
3950 900   .0001000 .0002000 .0004000 .0008000 .0012000 .0005000
3400 1000   .0002000 .0003000 .0004000 .0008000 .0014000 .0007000
3900 900   .0001000 .0002000 .0004000 .0008000 .0012000 .0005000
3450 850   .0001000 .0002000 .0004000 .0008000 .0013000 .0006000
3100 1000   .0002000 .0003000 .0005000 .0009000 .0016000 .0011000
3500 900   .0001000 .0002000 .0004000 .0008000 .0013000 .0006000
4000 950   .0001000 .0002000 .0004000 .0008000 .0013000 .0005000
3750 1000   .0001000 .0002000 .0004000 .0008000 .0013000 .0005000
3200 900   .0002000 .0003000 .0005000 .0009000 .0014000 .0009000
2850 850   .0002000 .0004000 .0006000 .0010000 .0018000 .0015000
3650 850   .0001000 .0002000 .0004000 .0008000 .0012000 .0006000
3950 950   .0001000 .0002000 .0004000 .0008000 .0012000 .0005000
3050 900   .0002000 .0003000 .0005000 .0009000 .0016000 .0011000
3000 850   .0002000 .0003000 .0005000 .0009000 .0016000 .0012000
3600 1000   .0001000 .0002000 .0004000 .0008000 .0013000 .0007000
3000 950   .0002000 .0003000 .0006000 .0010000 .0017000 .0013000
3150 1000   .0002000 .0003000 .0005000 .0009000 .0015000 .0010000
3250 850   .0002000 .0003000 .0005000 .0008000 .0014000 .0008000
3500 950   .0001000 .0002000 .0004000 .0008000 .0013000 .0006000
3100 850   .0002000 .0003000 .0005000 .0009000 .0015000 .0010000
3300 850   .0002000 .0003000 .0004000 .0008000 .0014000 .0007000
3150 900   .0002000 .0003000 .0005000 .0009000 .0015000 .0009000
4000 900   .0001000 .0002000 .0004000 .0008000 .0013000 .0005000
3950 850   .0001000 .0002000 .0004000 .0008000 .0012000 .0005000
3700 900   .0001000 .0002000 .0004000 .0008000 .0012000 .0005000
3650 950   .0001000 .0002000 .0004000 .0008000 .0013000 .0005000
2850 900   .0003000 .0004000 .0006000 .0011000 .0018000 .0015000
3350 900   .0002000 .0002000 .0004000 .0008000 .0013000 .0007000
3150 950   .0002000 .0003000 .0005000 .0009000 .0015000 .0010000
3550 950   .0001000 .0002000 .0004000 .0008000 .0013000 .0005000
3100 900   .0002000 .0003000 .0005000 .0009000 .0015000 .0010000
3250 900   .0002000 .0003000 .0005000 .0008000 .0014000 .0008000
3700 850   .0001000 .0002000 .0004000 .0008000 .0012000 .0005000
3850 950   .0001000 .0002000 .0004000 .0008000 .0012000 .0005000
3650 900   .0001000 .0002000 .0004000 .0008000 .0012000 .0005000
3350 950   .0002000 .0003000 .0004000 .0008000 .0014000 .0007000
3500 1000   .0001000 .0002000 .0004000 .0008000 .0013000 .0006000
1500 800   .0028000 .0038000 .0055000 .0082000 .0118000 .0058000
3800 900   .0001000 .0002000 .0004000 .0008000 .0012000 .0005000
1550 800   .0025000 .0034000 .0048000 .0072000 .0104000 .0052000
3200 950   .0002000 .0003000 .0005000 .0009000 .0015000 .0009000
3800 950   .0001000 .0002000 .0004000 .0008000 .0013000 .0005000
3400 850   .0001000 .0002000 .0004000 .0008000 .0013000 .0006000
3550 1000   .0001000 .0002000 .0004000 .0008000 .0013000 .0006000
3450 950   .0001000 .0002000 .0004000 .0008000 .0013000 .0006000
3650 1000   .0001000 .0002000 .0004000 .0008000 .0013000 .0005000
2900 850   .0002000 .0003000 .0006000 .0010000 .0017000 .0014000
3900 950   .0001000 .0002000 .0004000 .0008000 .0013000 .0005000
3750 850   .0001000 .0002000 .0004000 .0008000 .0012000 .0005000
2950 1000   .0002000 .0004000 .0006000 .0010000 .0018000 .0014000
3850 850   .0001000 .0002000 .0004000 .0008000 .0012000 .0005000
3800 850   .0001000 .0002000 .0004000 .0008000 .0012000 .0005000
3700 950   .0001000 .0002000 .0004000 .0008000 .0013000 .0005000
3850 1000   .0001000 .0002000 .0004000 .0008000 .0012000 .0005000
1600 450   .0011000 .0015000 .0022000 .0034000 .0050000 .0026000
3450 1000   .0002000 .0002000 .0004000 .0008000 .0013000 .0006000
3250 1000   .0002000 .0003000 .0005000 .0009000 .0015000 .0009000
3750 950   .0001000 .0002000 .0004000 .0008000 .0012000 .0005000
3400 900   .0002000 .0002000 .0004000 .0008000 .0013000 .0006000
4000 850   .0001000 .0002000 .0004000 .0008000 .0013000 .0005000
3350 850   .0002000 .0002000 .0004000 .0008000 .0013000 .0006000
1800 600   .0009000 .0012000 .0018000 .0028000 .0043000 .0024000
1350 450   .0018000 .0025000 .0036000 .0054000 .0078000 .0038000
3850 900   .0001000 .0002000 .0004000 .0008000 .0012000 .0005000
1350 350   .0016000 .0022000 .0031000 .0047000 .0069000 .0035000
1700 500   .0010000 .0013000 .0020000 .0030000 .0046000 .0024000
450 300   .2075000 .2838000 .4087000 .5993000 .8431000 .3978000
450 300   .2075000 .2838000 .4087000 .5993000 .8431000 .3978000
500 300   .1874000 .2557000 .3677000 .5391000 .7585000 .3495000
500 325   .1956000 .2680000 .3867000 .5671000 .7978000 .3664000
500 350   .1971000 .2690000 .3867000 .5655000 .7968000 .3780000
550 300   .1512000 .2055000 .2944000 .4271000 .5972000 .3046000
550 325   .1648000 .2239000 .3208000 .4679000 .6562000 .3195000
550 350   .1755000 .2394000 .3442000 .5048000 .7059000 .3342000
550 375   .3833000 .5145000 .7295000 1.0406000 1.4408000 .9259000
