1500 450 0.0987917014971 0.136788509765 0.197583402994 0.303974466145 0.448362337564 0.235580211262
1150 300 0.0252043746028 0.0350669559691 0.0504087492055 0.0745172814342 0.107392552655 0.0504087492055
1200 500 0.126576937682 0.172988481499 0.244715412852 0.362853888022 0.523184675752 0.274250031644
950 650 3.79962653243 5.14735731103 7.3475684014 10.7087764878 15.2066249899 8.05390923114
900 500 0.559862187769 0.759993920049 1.08932461874 1.59852054517 2.29011501241 1.21599027208
1050 500 0.218764443075 0.298875365891 0.425204128794 0.625481435834 0.899707287013 0.486827915575
950 550 0.721337753652 0.976356151408 1.39531494772 2.05471966192 2.95092717403 1.57382782615
850 550 1.46167557932 1.97662903545 2.82036046742 4.13547237077 5.89027530204 3.13329372153
1000 350 0.0474656379079 0.0646340601299 0.0919015542472 0.135327563397 0.19390218039 0.10806006928
900 600 2.83944243676 3.82607698044 5.43796248494 7.97912005966 11.357769747 5.97143348821
1100 500 0.169779286927 0.230899830221 0.332767402377 0.48896434635 0.706281833616 0.383701188455
900 650 5.79154375615 7.84660766962 11.1996066863 16.2438544739 23.1268436578 12.2320550639
1050 650 0.889516413696 1.20014119308 1.7154959407 2.52735615955 3.62866219555 1.99788210378
800 650 40.3287461774 56.1448776758 82.9510703364 124.259365443 180.738723242 71.005351682
1200 450 0.0949400471184 0.130103027533 0.186363796195 0.274271247231 0.397341678681 0.189880094237
1100 700 1.16267896608 1.57586240031 2.25809551264 3.31507639089 4.7756317863 2.62323436149
1200 350 0.0404434068055 0.0551501001893 0.0790484769381 0.115815210398 0.169126973914 0.0753718035921
900 750 61.0430491747 82.3974817084 117.449378935 169.431682831 234.686064319 150.757189042
1300 700 0.432266022836 0.590412128752 0.843445898217 1.24408269987 1.79232253371 0.917247414311
1250 350 0.0404806545083 0.0553945798534 0.0809613090165 0.121441963525 0.176836543378 0.0809613090165
1350 300 0.0303005817712 0.0404007756949 0.0585811247576 0.0888817065288 0.131302521008 0.0686813186813
800 400 0.648739926897 0.874249193083 1.24511040335 1.79552401513 2.48701451382 1.4171814548
800 450 1.11685557102 1.5095777822 2.14257307616 3.07218134818 4.22880625704 2.51209650693
1000 700 4.42297685573 5.92746770435 8.40478722201 12.1264224791 16.9113820954 10.2712608312
800 500 2.1178221242 2.84856376053 4.02837934791 5.74761512502 7.90529588393 4.95841415779
1350 700 0.370957407345 0.49460987646 0.719432547578 1.05666655426 1.54003529716 0.753155948246
850 650 7.7067048332 10.376527579 14.6702631289 21.2760101288 29.7396234724 17.6428492789
950 800 61.0911104957 82.6917751315 118.028247023 170.257546386 237.330379396 145.333702575
950 700 5.65267743892 7.61043401533 10.8090222247 15.5793305024 21.8662107759 13.042519164
950 600 1.7982017982 2.40811819759 3.41763499658 4.93191019507 6.87207529313 4.1011619959
950 750 9.08804370666 12.292498424 17.5457028788 25.6093717167 36.3521748266 21.9321285984
850 600 3.9521616606 5.32682658602 7.57440373909 10.8667262355 15.1969207506 9.17588837721
1500 400 0.0772648251883 0.10945850235 0.160968385809 0.238233210997 0.35413044878 0.186723327538
1550 300 0.035889889818 0.0502458457453 0.0717797796361 0.111258658436 0.168682482145 0.0825467465815
1000 600 1.47427693883 1.9861786537 2.80010238034 4.04402354748 5.67187100077 3.33759918096
1000 650 2.42540055858 3.25591650742 4.61561075996 6.62207849478 9.26062031457 5.53432309275
800 600 7.74715744845 10.4548082482 14.7523607632 21.2757756793 29.4758142224 17.1902100597
800 700 62.0499549955 83.9896489649 119.880738074 171.973447345 238.97389739 131.525652565
800 550 3.85317664685 5.1875087785 7.30371272063 10.4780186338 14.4669694274 8.87682007585
2000 450 0.156392545289 0.208523393718 0.312785090577 0.495243060081 0.781962726443 0.729831878014
1050 750 2.65916329118 3.58677839275 5.13280356204 7.49822207106 10.7294146749 6.33870319409
1100 800 3.95577855968 5.3715308863 7.66171847349 11.2427390644 15.989673336 9.49386854323
1100 600 0.387638634651 0.527619252719 0.753741789598 1.10369333477 1.57747388823 0.899106277592
800 300 0.120346654503 0.162099575453 0.230518227431 0.332619908073 0.463843373917 0.258587417985
850 350 0.076660988075 0.103525095007 0.148080199188 0.217533743939 0.311230507142 0.177565194601
1000 800 10.159088504 13.7570990158 19.6479593636 28.6429856432 40.883276306 23.9514621327
850 700 35.7499115101 48.202850983 68.5716124465 99.4626250925 137.400649998 74.1384303504
1050 400 0.0848560276065 0.115027059644 0.165940676208 0.243253945805 0.346966868435 0.194226018744
1050 450 0.131521262604 0.177797262409 0.255735788397 0.372643577378 0.530956208291 0.311754103951
800 350 0.251123142495 0.338670660062 0.48323925815 0.692892523903 0.962446722728 0.544292132243
1000 550 0.628718985068 0.845776729913 1.20130234647 1.74394670858 2.46996744134 1.40713296658
800 800 177.419616891 239.159044014 340.37921006 490.990917805 680.108531414 381.159726397
850 500 0.881678716276 1.18900672595 1.69282313525 2.45610499534 3.45366148575 2.04801370381
850 450 0.323118261284 0.435359341519 0.625829053434 0.90813237645 1.28567055542 0.763579470086
900 350 0.0526989384928 0.072272829933 0.10313935105 0.151321237672 0.216065647821 0.124218926447
1150 800 2.93567208543 3.96315731533 5.66951671498 8.25657774027 11.7243403912 7.02726505449
900 550 0.800383593981 1.08439067572 1.54544113308 2.25730303924 3.21997639422 1.84789023311
900 450 0.200788683477 0.271336058753 0.387106110488 0.567996816324 0.808581455085 0.475742556347
950 450 0.179260893547 0.242297691277 0.34473248759 0.504294381845 0.719013474116 0.413678985108
1250 800 1.35851557323 1.83896620278 2.61762756793 3.84360503645 5.50033134526 3.18091451292
900 300 0.0325527159654 0.0437275289088 0.0626761247692 0.0918278107084 0.131182586726 0.0762802448742
1000 400 0.0958550935413 0.128908574073 0.18344681695 0.269385866332 0.383420374165 0.221458319561
1150 700 0.836025080752 1.13053391602 1.60554816644 2.35607068212 3.35360060802 1.91905757173
1050 800 5.84046313848 7.88974845023 11.2198370818 16.4455146268 23.5411650187 13.8839079871
1350 800 0.741140008085 0.993801374478 1.43174774289 2.10551138661 3.03193639671 1.60018865382
850 400 0.204784510844 0.27808805734 0.396769989761 0.578283533464 0.824955785162 0.474727729684
900 400 0.13177102846 0.178278450269 0.254498947124 0.373351247303 0.53354347798 0.310049478729
1050 700 1.8324289301 2.49048351826 3.55349477606 5.1733214546 7.3499635539 4.2824167814
1050 300 0.0262425447316 0.0357852882704 0.0508946322068 0.0755467196819 0.108151093439 0.0588469184891
950 400 0.104760796182 0.142591083692 0.203701548132 0.298277266907 0.426318240019 0.245896868816
1100 450 0.112522984878 0.153689930565 0.216812580619 0.318357713313 0.461069791695 0.249746137168
1200 800 2.39258980757 3.22999624022 4.61428034317 6.73343131558 9.55326930307 5.70803568377
1200 600 0.251580045407 0.343621525434 0.490887893477 0.724059642879 1.04313677364 0.582929373504
1150 550 0.202652910833 0.271739130435 0.386882829772 0.57111274871 0.815217391304 0.446757553427
1250 650 0.331232832445 0.452415576022 0.646307965746 0.945225399903 1.36532557764 0.719017611892
950 500 0.39383606904 0.53128221394 0.758596992044 1.10485554939 1.56741469088 0.888113551661
1100 400 0.0798532426891 0.107909787418 0.153231898133 0.224452357829 0.323729362253 0.172655659868
1000 450 0.167898650269 0.228952704913 0.327075292732 0.475349425438 0.680316608883 0.385948845424
1150 350 0.0411731171217 0.0554253499715 0.0791790713879 0.117185025654 0.171026794198 0.0839298156711
950 300 0.0280641466208 0.0378006872852 0.0544100801833 0.0796105383734 0.113974799542 0.0652920962199
1250 400 0.0684998532146 0.0945950353916 0.136999706429 0.202237661872 0.293570799491 0.136999706429
1200 750 1.18441610806 1.60022176302 2.28063101658 3.33904541102 4.7502646036 2.78463787108
1450 700 0.314824288694 0.419765718258 0.603413219997 0.905119829995 1.31176786956 0.642766256083
1150 450 0.102258994143 0.139444082923 0.19832047349 0.291283195439 0.421431006167 0.226209290075
1050 550 0.331374018699 0.445776953726 0.639078464634 0.934948124186 1.32944100359 0.761371257249
1200 400 0.0681547111944 0.0908729482592 0.133469642756 0.195944794684 0.28397796331 0.136309422389
1300 800 0.958392544367 1.28887273208 1.85068905119 2.72646154863 3.89966621501 2.16464522952
1100 650 0.535852781499 0.719170838328 1.02940139604 1.50884862159 2.16456320948 1.21977014736
1400 300 0.0304207422661 0.0421210277531 0.0631815416296 0.0959423409931 0.140403425844 0.0748818271166
1150 650 0.44174089362 0.601057281483 0.861756825259 1.26004779492 1.80317184445 1.01383155913
1100 550 0.24126984127 0.325925925926 0.461375661376 0.677248677249 0.973544973545 0.550264550265
1950 500 0.15276115793 0.229141736894 0.330982508847 0.534664052754 0.814726175624 0.712885403671
1100 750 1.57728706625 2.13962419421 3.04484981484 4.49869702373 6.41887258264 3.71691126046
1500 350 0.0476995793764 0.0693812063657 0.0997354841507 0.151771388925 0.229825246086 0.12141711114
1100 300 0.026158445441 0.0355007473842 0.0513826606876 0.0756726457399 0.108370702541 0.0532511210762
1450 350 0.0490880942491 0.0679681304988 0.0981761884983 0.147264282747 0.215232413246 0.117056224748
1550 500 0.127126931351 0.166242910229 0.254253862703 0.381380794054 0.557402699003 0.29336984158
1350 750 0.517513754971 0.694557934303 0.994171160865 1.45720978373 2.09729258593 1.07588385902
1200 300 0.0256167225965 0.0345825755053 0.0499526090632 0.0730076594001 0.106309398776 0.0486717729334
1400 650 0.247313046794 0.329750729058 0.484321383304 0.711025009532 1.03047102831 0.50493080387
1900 650 0.23128740351 0.318020179826 0.46257480702 0.722773135968 1.09861516667 0.780594986846
1350 600 0.209289221605 0.281735490622 0.402479272317 0.59566932303 0.861305642759 0.41857844321
1150 400 0.0742500742501 0.0990000990001 0.141075141075 0.210375210375 0.30195030195 0.15345015345
1350 650 0.264175865648 0.358524389093 0.518916878951 0.764223039909 1.10387772431 0.547221435985
1200 700 0.675024108004 0.916104146577 1.31147540984 1.91899710704 2.74831243973 1.55255544841
1050 600 0.590367685137 0.80269290523 1.14448472294 1.67270844122 2.38218539617 1.37752459865
1000 300 0.0263424518744 0.0351232691658 0.0506585612969 0.0742992232354 0.106045254981 0.0594393785883
1300 500 0.122542490277 0.170493899515 0.245084980553 0.36229953647 0.522137567265 0.245084980553
1300 600 0.21920210434 0.299576209265 0.431097471869 0.635686102587 0.913342101418 0.43840420868
1450 400 0.0732188116024 0.101379892988 0.152069839482 0.230920867361 0.337932976626 0.180230920867
2000 350 0.0790551330498 0.11067718627 0.17392129271 0.284598478979 0.442708745079 0.426897718469
1400 550 0.14763014763 0.20202020202 0.29526029526 0.43512043512 0.644910644911 0.31857031857
1550 700 0.282029989189 0.391708318318 0.564059978378 0.846089967567 1.22212995315 0.626733309309
1300 550 0.155540347166 0.217756486032 0.311080694332 0.454177813725 0.659491071984 0.323523922105
1300 650 0.286806883365 0.391100295498 0.564922649053 0.825656179385 1.19068312185 0.599687119764
1400 350 0.0459347726229 0.0623400485596 0.0918695452458 0.141085373056 0.206706476803 0.11155587637
1150 600 0.302580497831 0.405343685773 0.582324731674 0.850650833524 1.22174012332 0.685087919616
1400 700 0.314587164844 0.435582228245 0.617074823347 0.919562481851 1.34304520376 0.653373342368
1550 450 0.103689622397 0.138252829863 0.207379244794 0.311068867191 0.466603300786 0.24194245226
1250 500 0.128016689583 0.170688919444 0.24655066142 0.365084633256 0.526290834953 0.256033379166
1450 300 0.0324552388165 0.04597825499 0.0649104776329 0.100070319684 0.146048574674 0.0784334938065
1250 450 0.0958734470499 0.127831262733 0.183757440179 0.275636160268 0.395477969081 0.187752167139
1400 400 0.0738080007873 0.103331201102 0.147616001575 0.221424002362 0.324755203464 0.172218668504
1050 350 0.0445768716421 0.0598268540459 0.0856345165756 0.12551908594 0.179480562138 0.0973652722708
1550 750 0.358641466126 0.502098052577 0.717282932253 1.07592439838 1.56009037765 0.806943298784
1450 550 0.147838942517 0.200017392817 0.295677885033 0.434820419167 0.634837811984 0.330463518567
1200 650 0.394776799271 0.539022168236 0.766778013969 1.12359550562 1.60947464318 0.903431521409
1450 450 0.100260677762 0.133680903683 0.19383731034 0.294097988102 0.427778891785 0.227257536261
950 350 0.0487380330722 0.065274151436 0.0939947780679 0.137510879025 0.196692776327 0.114882506527
2300 650 0.271849938834 0.407774908251 0.679624847084 1.01943727063 1.631099633 1.76702460242
1200 550 0.177053824363 0.242816673412 0.343990287333 0.505868069607 0.733508700931 0.39963577499
1400 450 0.0940346752865 0.129297678519 0.188069350573 0.28210402586 0.411401704378 0.211578019395
2250 400 0.163672818037 0.245509227055 0.368263840583 0.572854863129 0.900200499202 0.98203690822
2100 550 0.193685841565 0.271160178191 0.426108851443 0.697269029634 1.08464071276 1.04590354445
2100 700 0.286163971956 0.381551962608 0.620021939238 0.95387990652 1.47851385511 1.38312586445
2450 600 0.264713668049 0.441189446748 0.705903114797 1.14709256155 1.85299567634 1.85299567634
1950 300 0.0615788825485 0.0821051767314 0.123157765097 0.194999794737 0.297631265651 0.277104971468
1400 750 0.432214378332 0.59069298372 0.850021610719 1.26782884311 1.81530038899 0.936464486385
1950 400 0.121224366098 0.16163248813 0.242448732195 0.404081220325 0.606121830488 0.565713708455
1450 750 0.415365444672 0.569204498254 0.799963078627 1.19994461794 1.73838130548 0.86149870006
1550 550 0.142428292833 0.19720840546 0.284856585665 0.427284878498 0.635449306484 0.339636698293
1500 600 0.187103093805 0.253139479853 0.363200123268 0.550303217073 0.792436632585 0.407224380634
2200 600 0.258117804966 0.361364926953 0.516235609932 0.877600536885 1.34221258582 1.34221258582
1500 550 0.146312914553 0.195083886071 0.292625829107 0.43893874366 0.643776824034 0.341396800624
2300 450 0.207889402838 0.259861753547 0.415778805675 0.727612909932 1.14339171561 1.19536406632
2450 450 0.217391304348 0.36231884058 0.507246376812 0.869565217391 1.44927536232 1.44927536232
2300 500 0.225695424025 0.338543136038 0.507814704057 0.789933984088 1.24132483214 1.35417254415
2050 350 0.0892108409014 0.124895177262 0.196263849983 0.303316859065 0.481738540867 0.463896372687
2050 550 0.207756232687 0.277008310249 0.415512465374 0.657894736842 1.00415512465 0.969529085873
1550 400 0.0808169862611 0.110204981265 0.161633972522 0.249797957534 0.374696936302 0.191021967526
2350 350 0.107882623705 0.179804372842 0.287686996548 0.46749136939 0.719217491369 0.755178365938
2400 350 0.120777809091 0.201296348484 0.281814887878 0.483111236362 0.805185393937 0.805185393937
2150 650 0.247267692003 0.395628307205 0.593442460808 0.890163691212 1.38469907522 1.38469907522
2250 550 0.216146114774 0.32421917216 0.486328758241 0.810547930401 1.29687668864 1.35091321733
2200 300 0.0751597143931 0.11273957159 0.169109357384 0.263059000376 0.43216835776 0.450958286359
2150 750 0.340155337604 0.453540450139 0.737003231476 1.13385112535 1.75746924429 1.64408413175
1300 400 0.0711477251451 0.0973600449354 0.14229545029 0.209698558322 0.307058603258 0.146040067403
2100 500 0.180011520737 0.252016129032 0.396025345622 0.612039170507 0.972062211982 0.936059907834
1500 300 0.0343042474896 0.0467785193039 0.0686084949791 0.106031310422 0.15592839768 0.0810827667935
2250 800 0.37078235076 0.593251761216 0.889877641824 1.33481646274 2.15053763441 2.07638116426
2100 450 0.164641575291 0.230498205407 0.362211465639 0.559781355988 0.889064506569 0.856136191511
2350 400 0.153988296889 0.256647161482 0.410635458372 0.667282619854 1.07791807823 1.12924751052
2350 650 0.302000755002 0.453001132503 0.679501698754 1.13250283126 1.73650434126 1.88750471876
1150 500 0.14346660626 0.196322724355 0.279382338506 0.407747196738 0.585192736059 0.324687582588
2000 300 0.0580801040795 0.0813121457114 0.127776228975 0.209088374686 0.325248582845 0.31363256203
2250 300 0.084518351047 0.105647938809 0.169036702094 0.295814228664 0.464850930758 0.48598051852
2350 600 0.285306704708 0.427960057061 0.641940085592 0.998573466476 1.64051355207 1.71184022825
2050 500 0.160493034602 0.256788855364 0.385183283046 0.577774924568 0.930859600693 0.866662386852
2150 400 0.129912309191 0.194868463787 0.324780772978 0.519649236765 0.811951932446 0.811951932446
1850 450 0.127495264462 0.182136092088 0.254990528923 0.418913011802 0.619262713099 0.509981057846
2500 450 0.242483026188 0.323310701584 0.565793727772 0.969932104753 1.53572583253 1.45489815713
1900 500 0.158561170634 0.203864362244 0.317122341269 0.498335107708 0.770154257367 0.656896278343
1950 550 0.193316763325 0.248550124275 0.38663352665 0.60756697045 0.911350455675 0.800883733775
2450 350 0.135086455331 0.180115273775 0.315201729107 0.540345821326 0.855547550432 0.810518731988
2050 300 0.0656331631247 0.0918864283745 0.131266326249 0.223152754624 0.341292448248 0.341292448248
2050 700 0.257975750279 0.386963625419 0.601943417319 0.902915125978 1.41886662654 1.24688279302
1950 350 0.0839395635143 0.111919418019 0.167879127029 0.265808617795 0.405707890319 0.391717963067
1850 300 0.0478545222524 0.0717817833785 0.103684798213 0.167490827883 0.255224118679 0.223321103844
2150 700 0.317880794702 0.423841059603 0.635761589404 1.00662251656 1.53642384106 1.48344370861
2350 500 0.251952632905 0.314940791131 0.50390526581 0.818846056941 1.38573948098 1.4487276392
2350 700 0.320641282565 0.480961923848 0.721442885772 1.20240480962 1.92384769539 2.00400801603
2150 500 0.201653559185 0.282314982859 0.403307118371 0.645291389393 1.04859850776 1.04859850776
2200 750 0.31375502008 0.502008032129 0.753012048193 1.19226907631 1.81977911647 1.75702811245
2350 450 0.174347649213 0.290579415354 0.464927064567 0.755506479921 1.22043354449 1.27854942756
1450 650 0.237664101403 0.3282028067 0.464010864645 0.701674966048 1.01856043459 0.509280217293
2400 700 0.355460766018 0.533191149027 0.79978672354 1.24411268106 2.0438994046 2.13276459611
2250 600 0.230189330725 0.345283996087 0.575473326811 0.920757322898 1.43868331703 1.43868331703
2350 550 0.269088462832 0.33636057854 0.538176925664 0.941809619913 1.47998654558 1.54725866128
1350 500 0.120185085031 0.162249864792 0.23436091581 0.34853674659 0.510786611382 0.246379424313
2250 650 0.305623471883 0.427872860636 0.611246943765 0.977995110024 1.58924205379 1.58924205379
2300 700 0.289142691918 0.433714037878 0.722856729796 1.15657076767 1.80714182449 1.87942749747
2100 600 0.249003984064 0.332005312085 0.498007968127 0.788512616202 1.20351925631 1.1620185923
2300 750 0.384113082892 0.537758316048 0.768226165783 1.30598448183 1.99738803104 2.07421064761
2250 350 0.114413203284 0.143016504105 0.228826406567 0.400446211493 0.62927261806 0.657875918881
2200 400 0.14591617116 0.21887425674 0.328311385109 0.547185641849 0.875497026958 0.875497026958
1400 500 0.115285501153 0.162756001628 0.230571002306 0.345856503459 0.508612505086 0.257697002577
2300 400 0.183410518593 0.229263148242 0.366821037186 0.641936815076 1.00875785226 1.05461048191
2200 550 0.242107301956 0.290528762347 0.484214603912 0.77474336626 1.21053650978 1.25895797017
2050 750 0.324314306894 0.463306152706 0.648628613788 1.06560415122 1.62157153447 1.34358784285
2450 500 0.235146574698 0.39191095783 0.548675340963 0.940586298793 1.56764383132 1.56764383132
1850 350 0.0654179114241 0.0981268671362 0.141738808086 0.228962689985 0.348895527595 0.305283586646
1950 650 0.225413795324 0.322019707606 0.483029561409 0.740645327494 1.15927094738 0.933857152058
2300 800 0.409198788772 0.57287830428 0.900237335297 1.39127588182 2.20967345937 2.29151321712
2000 550 0.185643564356 0.278465346535 0.402227722772 0.618811881188 0.959158415842 0.866336633663
2500 300 0.111957008509 0.149276011345 0.261233019854 0.410509031199 0.671742051052 0.634423048216
2450 650 0.372508847085 0.465636058856 0.74501769417 1.21065375303 1.9556714472 2.04879865897
1950 800 0.330961442992 0.496442164488 0.703293066358 1.1169948701 1.69617739533 1.15836505047
1100 350 0.0409327202521 0.0559413843446 0.0805010164959 0.118704888731 0.171917425059 0.0873231365379
1300 450 0.0953895071542 0.127186009539 0.181694299341 0.272541449012 0.395185101067 0.186236656825
2350 750 0.340251786322 0.510377679483 0.850629465805 1.36100714529 2.12657366451 2.12657366451
2450 300 0.100123485632 0.133497980843 0.233621466475 0.400493942529 0.634115409004 0.600740913794
2150 300 0.0667779632721 0.100166944908 0.150250417362 0.25041736227 0.400667779633 0.417362270451
1900 600 0.186861002109 0.266944288727 0.427110861963 0.640666292945 0.98769386829 0.747444008435
2300 550 0.241298184231 0.361947276347 0.54292091452 0.844543644809 1.38746455933 1.44778910539
2000 700 0.271170682575 0.387386689393 0.58108003409 0.890989385605 1.35585341288 1.12342139924
1850 550 0.175681314096 0.241561806882 0.351362628192 0.549004106551 0.834486241957 0.592924435075
2250 750 0.347077606553 0.485908649174 0.763570734416 1.24947938359 1.87421907539 1.87421907539
2150 550 0.21662839565 0.30327975391 0.47658247043 0.73653654521 1.16979333651 1.16979333651
2000 650 0.251148105626 0.322904707233 0.502296211251 0.789322617681 1.21986222732 1.04047072331
2250 500 0.20205081578 0.30307622367 0.454614335505 0.757690559176 1.16179219074 1.21230489468
1850 750 0.280199252802 0.404732254047 0.591531755915 0.902864259029 1.3698630137 0.840597758406
2450 700 0.393739541293 0.492174426617 0.787479082587 1.37808839453 2.16556747711 2.26400236244
2050 650 0.239482717331 0.359224075996 0.518879220883 0.838189510657 1.2772411591 1.15749980043
2450 800 0.440266801682 0.660400202523 0.990600303784 1.65100050631 2.64160081009 2.75166751051
2450 750 0.416150813055 0.624226219582 0.936339329373 1.45652784569 2.39286717506 2.39286717506
2050 600 0.223048327138 0.297397769517 0.483271375465 0.743494423792 1.15241635688 1.04089219331
1350 350 0.0455269747325 0.0597541543364 0.0882085135443 0.130890052356 0.193489642613 0.0995902572274
2200 700 0.293806557762 0.411329180867 0.646374427077 1.05770360794 1.64531672347 1.64531672347
2050 450 0.146545912834 0.205164277968 0.322401008236 0.527565286204 0.820657111873 0.791347929306
2400 550 0.224769611149 0.374616018581 0.59938562973 0.97400164831 1.57338727804 1.64831048176
1650 350 0.0585137507314 0.0780183343086 0.117027501463 0.182042780053 0.27306417008 0.13653208504
2000 600 0.1998001998 0.2997002997 0.4662004662 0.699300699301 1.0989010989 0.965700965701
2500 700 0.327175169586 0.54529194931 0.872467118895 1.41775906821 2.2902261871 2.39928457696
1850 700 0.255630982475 0.369244752464 0.539665407447 0.82369983242 1.22134802738 0.710086062431
2150 450 0.184842883549 0.221811460259 0.369685767098 0.591497227357 0.924214417745 0.924214417745
1800 650 0.209976202697 0.303298959451 0.443283094583 0.676589986468 1.0265503243 0.583267229714
1900 400 0.107334525939 0.161001788909 0.232558139535 0.375670840787 0.572450805009 0.500894454383
2200 450 0.165844355073 0.248766532609 0.373149798914 0.621916331523 0.995066130437 0.995066130437
2400 750 0.376081233546 0.56412185032 0.84618277548 1.4103046258 2.25648740128 2.35050770967
2500 350 0.150966183575 0.201288244767 0.352254428341 0.553542673108 0.956119162641 0.905797101449
1700 300 0.0431662439972 0.0593535854961 0.0863324879944 0.134894512491 0.205039658987 0.118707170992
2300 300 0.0711861993688 0.118643665615 0.189829864984 0.308473530598 0.498303395582 0.522032128705
2150 600 0.231427910206 0.323999074288 0.509141402453 0.833140476741 1.29599629715 1.24971071511
2050 800 0.351194059803 0.501705799719 0.752558699579 1.20409391933 1.85631145896 1.55528797913
1800 550 0.156574157435 0.234861236153 0.33272008455 0.528437781344 0.782870787177 0.508866011665
2100 650 0.266666666667 0.355555555556 0.533333333333 0.844444444444 1.33333333333 1.24444444444
1900 450 0.123193166886 0.184789750329 0.287450722733 0.4311760841 0.677562417871 0.574901445466
2350 800 0.451793620674 0.632511068944 0.903587241348 1.44573958616 2.34932682751 2.43968555164
2250 700 0.325881509483 0.456234113276 0.651763018966 1.10799713224 1.69458384931 1.75976015121
1950 750 0.303651408183 0.417520686252 0.607302816367 0.948910650573 1.44234418887 1.02482350262
1450 500 0.122595969657 0.160907210175 0.237529691211 0.352463412765 0.521032871044 0.275840931729
2500 600 0.294233032562 0.490388387603 0.686543742644 1.17693213025 1.96155355041 1.96155355041
1950 450 0.138818194438 0.185090925917 0.300772754616 0.462727314793 0.71722733793 0.67095460645
1600 450 0.107864287115 0.147087664248 0.21572857423 0.323592861345 0.49029221416 0.254951951363
1850 500 0.140862075905 0.201231537006 0.30184730551 0.482955688816 0.724433533223 0.563448303618
1800 450 0.129015610889 0.177396464972 0.258031221778 0.387046832667 0.596697200361 0.419300735389
2150 800 0.365786746327 0.54868011949 0.792537950375 1.28025361214 1.95086264708 1.76796927391
1800 700 0.256252562526 0.358753587536 0.512505125051 0.794382943829 1.20438704387 0.666256662567
2200 650 0.27495188342 0.384932636789 0.604894143525 0.934836403629 1.48474017047 1.42974979379
1800 400 0.0977503456173 0.139643350882 0.209465026323 0.335144042116 0.502716063175 0.377037047381
2100 300 0.0592496037683 0.0888744056524 0.148124009421 0.236998415073 0.370310023552 0.370310023552
2500 750 0.460156223038 0.575195278797 0.920312446075 1.49550772487 2.53085922671 2.64589828247
1800 800 0.376104807873 0.532815144487 0.752209615746 1.15965649094 1.72381370275 0.971604087006
2400 650 0.335486035394 0.419357544242 0.670972070788 1.17420112388 1.84517319467 2.01291621236
2500 650 0.310010230338 0.516683717229 0.826693947567 1.3433776648 2.17007161236 2.17007161236
1350 450 0.0930424894035 0.129225679727 0.186084978807 0.273958441021 0.398015093559 0.196423033185
1500 800 0.544249421735 0.738624215212 1.06906136412 1.57443582716 2.27418508368 1.14681128151
1800 600 0.192241968558 0.256322624744 0.384483937116 0.598086124402 0.918489405332 0.534005468216
2500 400 0.214915108532 0.286553478043 0.501468586575 0.788022064618 1.3611290207 1.28949065119
2450 400 0.192455735181 0.256607646908 0.449063382089 0.769822940724 1.21888632281 1.21888632281
2100 800 0.387296669249 0.553280956069 0.774593338497 1.21721810335 1.93648334624 1.65984286821
1800 350 0.0672301190934 0.0960430272762 0.134460238187 0.220898962735 0.326546292739 0.268920476373
1800 500 0.143012924793 0.19664277159 0.303902465185 0.464792005578 0.697188008366 0.464792005578
1550 650 0.220689655172 0.303448275862 0.427586206897 0.648275862069 0.951724137931 0.496551724138
1950 700 0.279378383098 0.384145276759 0.558756766195 0.87305744718 1.29212502183 0.977824340842
2000 400 0.11394193519 0.182307096304 0.273460644456 0.432979353721 0.660863224101 0.615286450025
2100 750 0.307550361372 0.461325542058 0.666359116305 1.0764262648 1.69152698754 1.4864934133
1900 300 0.0543281419775 0.0724375226367 0.117710974285 0.181093806592 0.280695400217 0.253531329229
2050 400 0.128382889129 0.17973604478 0.282442356083 0.462178400863 0.693267601294 0.693267601294
2200 350 0.101845957989 0.152768936983 0.229153405474 0.35646085296 0.585614258434 0.585614258434
2400 450 0.194779898714 0.324633164524 0.519413063239 0.844046227763 1.2985326581 1.363459291
1750 700 0.25465320863 0.347254375405 0.509306417261 0.787109917585 1.18066487638 0.625057875729
1700 750 0.327095161328 0.443914861802 0.654190322656 0.981285483984 1.44856428588 0.747646083035
2100 400 0.144491966247 0.202288752745 0.288983932493 0.491272685239 0.751358224483 0.751358224483
2500 800 0.486180324282 0.607725405353 0.972360648565 1.70163113499 2.79553686462 2.91708194569
1800 300 0.0490952447749 0.0631224575677 0.0981904895497 0.154299340721 0.238462617478 0.196380979099
1900 800 0.339008588218 0.48967907187 0.715684797348 1.13002862739 1.69504294109 1.05469338557
1500 500 0.12114918657 0.164416753202 0.242298373139 0.363447559709 0.545171339564 0.285565939772
1750 400 0.098534302254 0.135484665599 0.197068604508 0.307919694544 0.468037935706 0.295602906762
1800 750 0.310831049196 0.423860521631 0.593404730283 0.932493147588 1.38461103733 0.762948938936
2500 500 0.262054507338 0.349406009783 0.611460517121 1.04821802935 1.65967854647 1.65967854647
1550 800 0.498877525567 0.685956597655 0.997755051135 1.47584601314 2.14101604723 1.10168786896
1750 800 0.401238106156 0.544537429783 0.802476212312 1.20371431847 1.77691161298 0.945775535939
1700 500 0.14064697609 0.182841068917 0.28129395218 0.42194092827 0.632911392405 0.351617440225
1600 750 0.351226365392 0.468301820523 0.68294015493 1.03416652032 1.5219809167 0.780503034206
1650 450 0.11119265239 0.155669713345 0.222385304779 0.344697222408 0.511486200992 0.266862365735
1850 600 0.191053901082 0.262699113988 0.405989539799 0.620925178516 0.955269505409 0.644806916151
3000 450 0.463316885584 0.694975328376 1.15829221396 2.08492598513 3.24321819909 2.08492598513
2550 400 0.239712345186 0.319616460248 0.479424690372 0.878945265681 1.43827407111 1.35836995605
2550 350 0.168529857873 0.224706477164 0.337059715746 0.617942812202 1.01117914724 0.898825908657
2550 700 0.362279462377 0.603799103962 0.845318745547 1.44911784951 2.41519641585 2.41519641585
2550 500 0.291772028788 0.389029371718 0.680801400506 1.06983077222 1.84788951566 1.75063217273
2650 650 0.422624498133 0.563499330845 0.986123828978 1.54962315982 2.5357469888 2.39487215609
2600 650 0.381349468653 0.508465958204 0.889815426857 1.52539787461 2.41521330147 2.28809681192
2600 700 0.401257272788 0.535009697051 0.936266969839 1.60502909115 2.54129606099 2.54129606099
2650 400 0.198393016566 0.396786033132 0.595179049697 0.991965082829 1.68634064081 1.38875111596
2650 500 0.360958706324 0.481278275099 0.721917412648 1.20319568775 2.04543266917 1.80479353162
2600 450 0.300908744408 0.401211659211 0.601817488816 1.10333206283 1.80545246645 1.60484663684
3200 700 0.883275184384 1.32491277658 2.20818796096 3.53310073753 6.18292629069 3.09146314534
2650 750 0.465852976801 0.621137302401 1.0869902792 1.8634119072 2.9504021864 2.7951178608
2700 400 0.220809044338 0.331213566508 0.662427133015 1.10404522169 1.87687687688 1.4352587882
3000 300 0.217410209583 0.326115314375 0.543525523959 0.978345943125 1.52187146708 0.869640838334
2550 550 0.309901348071 0.413201797428 0.723103145499 1.23960539228 1.96270853778 1.85940808843
3250 350 0.242612450871 0.485224901742 0.970449803484 1.94089960697 3.15396186132 1.45567470523
2700 300 0.115566855426 0.173350283139 0.346700566278 0.577834277129 0.98231827112 0.751184560268
2600 350 0.187981703114 0.250642270819 0.375963406228 0.689266244752 1.12789021869 0.939908515571
2700 650 0.468047928108 0.624063904144 0.936095856216 1.7161757364 2.80828756865 2.49625561658
2650 800 0.489915897771 0.653221197028 1.1431370948 1.95966359108 3.26610598514 3.10280068588
2700 500 0.267426156952 0.534852313905 0.802278470857 1.33713078476 2.2731223341 1.87198309867
2600 750 0.421721467028 0.702869111714 0.9840167564 1.68688586811 2.81147644686 2.81147644686
2550 750 0.381543470519 0.635905784199 1.01744925472 1.65335503892 2.67080429364 2.67080429364
2550 800 0.536466296505 0.670582870631 1.07293259301 1.74351546364 2.81644805665 2.95056463078
2750 700 0.362194172296 0.724388344592 1.08658251689 1.99206794763 3.25974755066 2.71645629222
2750 450 0.275953419063 0.413930128594 0.827860257189 1.37976709531 2.2076273525 1.79369722391
2800 700 0.400488596087 0.800977192174 1.20146578826 2.00244298044 3.40415306674 2.80342017261
2800 800 0.657318141981 0.876424189308 1.31463628396 2.4101665206 3.94390885188 3.2865907099
2750 300 0.128642181771 0.192963272657 0.321605454429 0.578889817971 1.02913745417 0.771853090628
2700 350 0.155520995334 0.233281493002 0.466562986003 0.777604976672 1.32192846034 1.01088646967
2800 550 0.348474552646 0.522711828969 1.04542365794 1.74237276323 2.96203369749 2.2650845922
2800 450 0.306358470046 0.459537705069 0.765896175115 1.37861311521 2.45086776037 1.83815082027
2750 650 0.345548471812 0.691096943624 1.03664541544 1.72774235906 2.9371620104 2.59161353859
2750 350 0.173025348214 0.25953802232 0.432563370534 0.865126741068 1.38420278571 1.03815208928
2800 500 0.329456725859 0.494185088789 0.823641814648 1.6472836293 2.63565380687 1.97674035515
2600 400 0.267094017094 0.356125356125 0.534188034188 0.979344729345 1.60256410256 1.4245014245
2600 800 0.443918319029 0.739863865049 1.18378218408 1.92364604913 3.10742823321 3.10742823321
2800 600 0.36558392893 0.548375893396 1.09675178679 1.82791964465 3.10746339591 2.37629553805
2850 300 0.15903307888 0.238549618321 0.397582697201 0.715648854962 1.1927480916 0.795165394402
2800 300 0.143092222938 0.214638334407 0.357730557344 0.64391500322 1.1447377835 0.787007226157
2750 750 0.568450971104 0.757934628138 1.13690194221 2.08432022738 3.41070582662 3.03173851255
2800 750 0.418585182085 0.837170364169 1.25575554625 2.09292591042 3.76726663876 3.13938886563
2700 700 0.491368296917 0.655157729223 0.982736593835 1.80168375536 2.9482097815 2.62063091689
2750 500 0.296863635689 0.445295453533 0.890590907067 1.48431817844 2.52334090336 1.92961363198
2800 350 0.1924001924 0.2886002886 0.481000481 0.865800865801 1.5392015392 1.0582010582
2700 800 0.540657439446 0.720876585928 1.26153402537 1.9824106113 3.42416378316 3.24394463668
2750 800 0.595983074081 0.794644098774 1.19196614816 2.18527127163 3.57589844448 3.77455946918
2750 400 0.245618775099 0.368428162649 0.614046937748 1.2280938755 1.96495020079 1.4737126506
2850 600 0.404899281304 0.607348921956 1.01224820326 2.02449640652 3.23919425043 2.42939568782
800 650 0.0477828746177 0.0716743119266 0.143348623853 0.238914373089 0.406154434251 0.334480122324
2600 600 0.362862257487 0.483816343316 0.846678600803 1.33049494412 2.29812763075 2.17717354492
2950 350 0.263341540811 0.395012311217 0.658353852028 1.18503693365 1.97506155609 1.18503693365
2850 400 0.3030808165 0.45462122475 0.757702041249 1.36386367425 2.424646532 1.66694449075
2850 650 0.423199813792 0.634799720688 1.26959944138 2.11599906896 3.59719841723 2.75079878965
2850 450 0.340084000748 0.510126001122 0.85021000187 1.53037800337 2.72067200599 1.87046200412
2850 550 0.386234598895 0.579351898343 0.965586497238 1.73805569503 3.08987679116 2.31740759337
2900 750 0.510086969828 0.765130454743 1.27521742457 2.55043484914 4.33573924354 3.06052181897
2700 450 0.248268328409 0.372402492614 0.744804985228 1.24134164205 2.11028079148 1.73787829887
3000 500 0.496746311659 0.745119467488 1.24186577915 2.23535840246 3.72559733744 2.23535840246
2700 550 0.283069606816 0.566139213633 0.849208820449 1.41534803408 2.40609165794 2.12302205112
2750 550 0.314139415072 0.471209122609 0.942418245217 1.57069707536 2.67018502812 2.19897590551
2850 350 0.213757428071 0.320636142106 0.534393570177 0.961908426318 1.60318071053 1.06878714035
2950 650 0.517170045511 0.775755068266 1.29292511378 2.3272652048 4.13736036409 2.84443525031
600 400 2.78169229827 3.82789044789 5.54193983212 8.17045524171 11.5970222413 5.06249617058
2900 300 0.176616036736 0.264924055104 0.44154009184 0.794772165313 1.32462027552 0.883080183681
2850 750 0.462342225715 0.693513338573 1.38702667715 2.31171112858 3.92990891858 3.00522446715
2850 500 0.365310148316 0.547965222474 0.91327537079 1.64389566742 2.92248118653 2.00920581574
2900 400 0.336377550162 0.504566325243 0.840943875406 1.51369897573 2.52283162622 1.68188775081
2950 500 0.448601484871 0.672902227306 1.12150371218 2.01870668192 3.36451113653 2.24300742435
3050 800 0.712377560107 1.06856634016 1.78094390027 3.20569902048 5.3428317008 3.56188780053
650 500 13.3112470268 18.119266055 26.0108732586 37.7251104315 52.4209989806 26.7499150527
3250 500 0.821018062397 0.821018062397 1.64203612479 3.28407224959 5.33661740558 2.46305418719
2950 750 0.562793707966 0.84419056195 1.40698426992 2.53257168585 4.50234966373 3.09536539381
650 450 4.18532321634 5.70823390621 8.20977558517 11.9714722364 16.6903504303 8.20977558517
3150 500 0.672653280866 1.0089799213 1.34530656173 2.69061312347 4.70857296606 2.35428648303
2900 650 0.468044276989 0.702066415483 1.17011069247 2.10619924645 3.74435421591 2.80826566193
2950 800 0.586785588546 0.880178382819 1.46696397136 2.93392794273 4.69428470837 3.52071353128
3150 400 0.561009817672 0.561009817672 1.12201963534 2.24403927069 3.64656381487 1.96353436185
3150 650 0.769585962752 1.15437894413 1.92396490688 3.07834385101 5.38710173926 3.07834385101
3050 450 0.513044147449 0.769566221173 1.28261036862 2.0521765898 3.59130903214 2.0521765898
3000 750 0.620790266009 0.931185399013 1.55197566502 2.79355619704 4.65592699506 3.10395133004
3000 550 0.523985433205 0.785978149807 1.30996358301 2.35793444942 3.92989074904 2.35793444942
3100 350 0.358467908161 0.537701862241 0.896169770401 1.43387163264 2.50927535712 1.25463767856
3050 500 0.549797949254 0.82469692388 1.37449487313 2.19919179701 3.84858564478 2.19919179701
2900 600 0.448139102377 0.672208653566 1.12034775594 2.0166259607 3.58511281902 2.46476506308
3050 300 0.240952243265 0.361428364898 0.602380608163 0.963808973062 1.68666570286 0.963808973062
3100 750 0.754973387188 1.13246008078 1.88743346797 3.39738024235 5.66230040391 3.39738024235
3050 400 0.457906907526 0.686860361289 1.14476726881 1.8316276301 3.20534835268 1.8316276301
700 400 1.18797330122 1.60743810088 2.29531954849 3.30979159437 4.61411279623 2.50556224613
3050 750 0.684720462871 1.02708069431 1.71180115718 3.08124208292 5.13540347153 3.42360231436
3000 600 0.548065329387 0.822097994081 1.37016332347 2.46629398224 4.1104899704 2.74032664694
2950 300 0.196039992158 0.294059988238 0.490099980396 0.882179964713 1.47029994119 0.882179964713
3100 300 0.266841002788 0.400261504183 0.667102506971 1.06736401115 1.86788701952 0.93394350976
3150 600 0.739754401539 1.10963160231 1.84938600385 2.95901760615 5.17828081077 2.95901760615
3150 700 0.8010253124 1.2015379686 2.002563281 3.6046139058 5.6071771868 3.2041012496
750 450 1.59866095066 2.16399938513 3.08971972194 4.45780457395 6.17431553058 3.37153495363
700 500 6.3656709994 8.64681070844 12.3870190238 17.9693552552 25.126969097 12.6065249204
3000 650 0.571542880005 0.857314320007 1.42885720001 2.57194296002 4.28657160003 2.85771440002
3100 500 0.608291006417 0.912436509626 1.52072751604 2.43316402567 4.25803704492 2.43316402567
3050 600 0.605950433255 0.908925649882 1.51487608314 2.72677694965 4.54462824941 2.72677694965
700 450 2.55502150266 3.47156006149 4.97382708362 7.21555196637 10.0274377785 5.26182646092
600 450 9.3246333166 12.6931013329 18.2198427305 26.4235123529 36.9471864369 18.5377279572
3100 550 0.640697078421 0.961045617632 1.60174269605 2.8831368529 4.48487954895 2.56278831369
3200 350 0.438856340377 0.438856340377 0.877712680754 1.75542536151 2.85256621245 1.31656902113
3100 700 0.726190043934 1.0892850659 1.81547510984 3.26785519771 5.08333030754 3.26785519771
750 600 20.79016559 28.1381135624 40.1699430621 57.9477982274 80.2702373283 43.2693144817
3000 700 0.596427399875 0.894641099812 1.49106849969 2.68392329944 4.47320549906 2.98213699937
3100 800 0.784621420165 1.17693213025 1.96155355041 3.53079639074 5.88466065124 3.53079639074
3050 350 0.323629832198 0.485444748297 0.809074580495 1.29451932879 2.26540882539 1.29451932879
3200 500 0.743273375948 0.743273375948 1.4865467519 2.97309350379 4.83127694366 2.60145681582
3100 600 0.669635383534 1.0044530753 1.67408845883 3.0133592259 4.68744768474 2.67854153413
2900 550 0.427725143823 0.641587715734 1.06931285956 1.9247631472 3.42180115058 2.35248829102
750 550 7.88455231223 10.665792063 15.2312233519 21.9678583142 30.4296490653 16.1167595933
3150 750 0.831842948051 1.24776442208 2.07960737013 3.74329326623 5.82290063636 3.32737179221
3150 450 0.627884343704 0.941826515556 1.25576868741 2.51153737482 4.08124823408 2.19759520296
3050 650 0.631432720844 0.947149081265 1.57858180211 2.8414472438 4.73574540633 2.8414472438
750 500 3.43197825281 4.6429012727 6.62918571605 9.56073149635 13.2861732361 7.17904361794
3000 450 0.463316885584 0.694975328376 1.15829221396 2.08492598513 3.24321819909 2.08492598513
700 300 0.26439544362 0.358187898422 0.507106280698 0.731528895391 1.01316752012 0.556484481137
3050 550 0.579441418473 0.869162127709 1.44860354618 2.60748638313 4.05608992931 2.60748638313
3200 550 0.782044263705 1.17306639556 1.56408852741 3.12817705482 5.47430984594 2.73715492297
750 350 0.32493949225 0.439775477625 0.627735722746 0.910963489366 1.27349503064 0.690045831402
3200 750 0.916590284143 1.37488542621 2.29147571036 3.66636113657 6.416131989 4.12465627864
3250 550 0.863557858377 0.863557858377 1.72711571675 3.45423143351 5.61312607945 2.59067357513
3250 600 0.901428764592 0.901428764592 1.80285752918 3.60571505837 5.85928696985 3.15500067607
750 300 0.166922313453 0.226773737556 0.324821799152 0.471292369695 0.658967186983 0.351288760564
3200 600 0.816826628548 1.22523994282 2.04206657137 3.26730651419 5.71778639984 2.85889319992
3300 750 1.11203780929 1.11203780929 2.22407561857 4.44815123714 7.22824576036 3.8921323325
3300 300 0.199652604468 0.399305208936 0.798610417873 1.59722083575 2.59548385809 1.19791562681
3250 800 1.04712041885 1.57068062827 2.61780104712 4.18848167539 7.32984293194 3.66492146597
3350 300 0.220541208125 0.441082416249 0.882164832499 1.764329665 2.86703570562 1.32324724875
3300 450 0.423531404854 0.847062809707 1.69412561941 3.38825123883 5.5059082631 2.54118842912
3250 750 1.0101010101 1.51515151515 2.0202020202 4.0404040404 7.07070707071 3.53535353535
600 350 0.706607495069 0.960552268245 1.37623274162 1.99556213018 2.77366863905 1.43786982249
3250 450 0.383670963781 0.767341927563 1.53468385513 3.06936771025 4.98772252916 2.30202578269
3300 350 0.268046211167 0.536092422334 1.07218484467 2.14436968933 3.48460074517 1.608277267
3400 450 0.516075759922 1.03215151984 2.06430303969 4.12860607937 6.70898487898 2.58037879961
3250 700 0.973472864444 1.46020929667 1.94694572889 3.89389145778 6.32757361889 3.40715502555
3250 300 0.180684795374 0.361369590749 0.722739181498 1.445478363 2.34890233987 1.08410877225
3200 800 0.951158034907 1.42673705236 2.37789508727 4.28021115708 6.65810624435 3.80463213963
3400 300 0.24343931058 0.48687862116 0.973757242319 1.94751448464 3.16471103754 1.2171965529
3300 800 1.15273775216 1.72910662824 2.30547550432 4.61095100865 7.49279538905 4.03458213256
3200 650 0.848752334069 1.2731285011 2.12188083517 3.39500933628 5.94126633848 2.97063316924
3800 650 1.34974624771 2.69949249541 5.39898499082 10.7979699816 16.1969549725 6.74873123853
3300 650 1.03407269531 1.03407269531 2.06814539062 4.13629078124 6.72147251952 3.10221808593
3350 750 1.22436486073 1.22436486073 2.44872972146 4.89745944291 7.95837159474 3.67309458219
3350 500 0.500250125063 1.00050025013 2.00100050025 4.0020010005 6.50325162581 3.00150075038
3300 700 1.07371020562 1.07371020562 2.14742041123 4.29484082246 6.9791163365 3.22113061685
3400 500 0.551845924618 1.10369184924 2.20738369847 4.41476739694 7.17399702003 2.75922962309
3350 400 0.418462568523 0.836925137046 1.67385027409 3.34770054819 5.4400133908 2.09231284262
3300 500 0.45324751847 0.90649503694 1.81299007388 3.62598014776 5.89221774011 2.71948511082
3350 600 0.548245614035 1.09649122807 2.19298245614 4.38596491228 7.12719298246 3.28947368421
3350 550 0.525789999474 1.05157999895 2.1031599979 4.20631999579 6.83526999316 3.15473999685
3200 450 0.6943239021 0.6943239021 1.3886478042 2.7772956084 4.51310536365 2.0829717063
650 400 1.5461583737 2.10078326617 3.00968895731 4.36455833748 6.06578530357 3.16928509983
3400 550 0.579844601647 1.15968920329 2.31937840659 4.63875681317 7.53797982141 3.47906760988
3400 700 59.880239521 61.1819838584 65.0872168706 72.8976828951 85.2642541005 3.90523301224
3400 800 0.697447342726 1.39489468545 2.7897893709 5.5795787418 9.06681545543 4.18468405635
3500 750 0.815793767336 1.63158753467 3.26317506934 6.52635013868 10.6053189754 4.07896883668
3450 600 0.666045024644 1.33209004929 2.66418009857 5.32836019715 8.65858532037 3.33022512322
3450 550 0.639304436773 1.27860887355 2.55721774709 5.11443549418 8.31095767805 3.19652218386
3400 650 0.627313217489 1.25462643498 2.50925286996 5.01850573992 8.15507182736 3.76387930494
3400 750 0.673899858481 1.34779971696 2.69559943392 5.39119886785 8.76069816025 4.04339915089
3600 550 0.854700854701 1.7094017094 3.4188034188 6.83760683761 10.2564102564 4.2735042735
3550 500 0.739152930741 1.47830586148 2.95661172297 5.91322344593 8.8698351689 3.69576465371
3500 700 0.789016884961 1.57803376992 3.15606753985 6.31213507969 10.2572195045 3.94508442481
3550 350 0.43846187574 0.87692375148 1.75384750296 3.50769500592 5.26154250888 2.1923093787
3500 350 0.397693378405 0.79538675681 1.59077351362 3.18154702724 5.17001391927 1.98846689203
3500 650 0.761440645702 1.5228812914 3.04576258281 6.09152516561 9.89872839412 3.80720322851
3650 450 0.839419121968 1.67883824394 3.35767648787 6.71535297574 10.0730294636 4.19709560984
3600 500 0.814398566659 1.62879713332 3.25759426663 6.51518853327 9.7727827999 4.07199283329
3600 450 0.762078951379 1.52415790276 3.04831580552 6.09663161103 9.14494741655 3.8103947569
3450 650 0.691132766604 1.38226553321 2.76453106642 5.52906213284 8.98472596586 3.45566383302
3450 750 0.741674701476 1.48334940295 2.9666988059 5.93339761181 9.64177111919 3.70837350738
3650 600 0.979527867568 1.95905573514 3.91811147027 7.83622294054 11.7543344108 4.89763933784
3550 450 0.691802144587 1.38360428917 2.76720857835 5.53441715669 8.30162573504 3.45901072293
3650 300 0.395961195803 0.791922391606 1.58384478321 3.16768956642 4.75153434963 1.97980597901
3650 500 0.896780557798 1.7935611156 3.58712223119 7.17424446238 10.7613666936 4.48390278899
3550 800 0.927729845069 1.85545969014 3.71091938028 7.42183876055 11.1327581408 4.63864922535
3600 400 0.682640453273 1.36528090655 2.73056181309 5.46112362619 8.19168543928 3.41320226637
3500 450 0.627706986379 1.25541397276 2.51082794552 5.02165589103 8.16019082292 3.13853493189
3750 800 1.35191769525 2.7038353905 5.407670781 10.815341562 16.223012343 6.75958847625
3600 600 0.889600569344 1.77920113869 3.55840227738 7.11680455475 10.6752068321 4.44800284672
3600 700 0.95529231945 1.9105846389 3.8211692778 7.6423385556 11.4635078334 4.77646159725
3600 650 0.922509225092 1.84501845018 3.69003690037 7.38007380074 11.0701107011 4.61254612546
3650 550 0.940822278672 1.88164455734 3.76328911469 7.52657822937 11.2898673441 4.70411139336
3450 350 0.360685302074 0.721370604148 1.4427412083 2.88548241659 4.68890892696 1.80342651037
3600 300 0.359544098084 0.719088196167 1.43817639233 2.87635278467 4.67407327509 1.79772049042
3450 500 0.608679773571 1.21735954714 2.43471909428 4.86943818857 7.91283705642 3.04339886786
3650 650 1.01507384662 2.03014769324 4.06029538649 8.12059077298 12.1808861595 5.07536923311
3550 750 0.897343862168 1.79468772434 3.58937544867 7.17875089734 10.768126346 4.48671931084
3650 700 1.05108261509 2.10216523019 4.20433046037 8.40866092075 12.6129913811 5.25541307547
3650 750 1.08532852895 2.17065705789 4.34131411578 8.68262823157 13.0239423473 5.42664264473
3600 350 0.48309178744 0.966183574879 1.93236714976 3.86473429952 5.79710144928 2.4154589372
3550 550 0.776156473145 1.55231294629 3.10462589258 6.20925178516 9.31387767774 3.88078236572
3550 300 0.326455993732 0.652911987464 1.30582397493 2.61164794986 3.91747192478 1.63227996866
3500 550 0.704374163556 1.40874832711 2.81749665422 5.63499330845 9.15686412622 3.52187081778
3500 600 0.733675715334 1.46735143067 2.93470286134 5.86940572267 9.53778429934 3.66837857667
3550 600 0.807950230266 1.61590046053 3.23180092106 6.46360184213 9.69540276319 4.03975115133
3550 400 0.619540301097 1.23908060219 2.47816120439 4.95632240877 7.43448361316 3.09770150548
3600 800 1.01940955798 2.03881911597 4.07763823194 8.15527646387 12.2329146958 5.09704778992
3650 400 0.75171014057 1.50342028114 3.00684056228 6.01368112456 9.02052168684 3.75855070285
3450 700 0.716691750878 1.43338350176 2.86676700351 5.73353400702 9.31699276141 3.58345875439
3700 650 1.11648263311 2.23296526623 4.46593053245 8.9318610649 13.3977915974 5.58241316556
3700 350 0.585823081429 1.17164616286 2.34329232572 4.68658465144 7.02987697715 2.92911540715
3650 350 0.532028091083 1.06405618217 2.12811236433 4.25622472867 6.384337093 2.66014045542
3800 450 1.1183680773 2.2367361546 4.47347230921 8.94694461841 13.4204169276 5.59184038651
3850 750 1.58212827896 3.16425655792 6.32851311584 12.6570262317 18.9855393475 7.9106413948
3700 500 0.986874568242 1.97374913648 3.94749827297 7.89499654594 11.8424948189 4.93437284121
3750 550 1.13938040494 2.27876080987 4.55752161974 9.11504323949 13.6725648592 5.69690202468
3750 650 1.22741555381 2.45483110762 4.90966221524 9.81932443048 14.7289866457 6.13707776905
3750 500 1.0861655099 2.1723310198 4.3446620396 8.6893240792 13.0339861188 5.4308275495
3850 450 1.22996691389 2.45993382778 4.91986765556 9.83973531112 14.7596029667 6.14983456945
3850 700 1.53536718306 3.07073436612 6.14146873225 12.2829374645 18.4244061967 6.14146873225
3750 600 1.18528351982 2.37056703964 4.74113407927 9.48226815854 14.2234022378 5.92641759909
3900 400 1.21058047334 2.42116094667 4.84232189335 9.6846437867 15.7375461534 6.05290236668
3750 400 0.910580950647 1.82116190129 3.64232380259 7.28464760517 10.9269714078 4.55290475323
3800 300 0.527231507355 1.05446301471 2.10892602942 4.21785205884 6.85400959561 2.63615753677
3700 700 1.15586892446 2.31173784893 4.62347569786 9.24695139571 13.8704270936 5.77934462232
3850 500 1.3136806705 2.62736134101 5.25472268201 10.509445364 15.764168046 6.56840335251
3850 650 1.48378959863 2.96757919727 5.93515839454 11.8703167891 17.8054751836 5.93515839454
3750 450 1.01671479117 2.03342958233 4.06685916467 8.13371832933 12.200577494 5.08357395583
3700 300 0.43590078898 0.871801577961 1.74360315592 3.48720631184 5.66671025675 2.1795039449
3900 550 1.51448605916 3.02897211831 6.05794423662 12.1158884732 19.688318769 7.57243029578
3850 800 1.63094888606 3.26189777212 6.52379554425 13.0475910885 19.5713866327 8.15474443031
3950 600 1.73016367348 3.46032734697 6.92065469393 13.8413093879 20.7619640818 8.65081836742
3800 700 1.39719443358 2.79438886715 5.58877773431 11.1775554686 16.7663332029 6.98597216789
3850 400 1.10146715425 2.2029343085 4.405868617 8.811737234 13.217605851 5.50733577125
4000 450 1.63086909014 3.26173818028 6.52347636055 14.6778218112 21.2012981718 8.15434545069
3900 750 1.73882802991 3.47765605982 6.95531211963 13.9106242393 20.8659363589 8.69414014954
3950 650 1.79073473846 3.58146947693 7.16293895385 14.3258779077 21.4888168616 8.95367369232
3950 400 1.32991102895 2.6598220579 5.31964411581 10.6392882316 17.2888433764 6.64955514476
3900 650 1.62988558203 3.25977116406 6.51954232813 13.0390846563 19.5586269844 8.14942791016
3750 300 0.47947832758 0.958956655159 1.91791331032 3.83582662064 5.75373993096 2.3973916379
3700 450 0.923872875092 1.84774575018 3.69549150037 7.39098300074 11.0864745011 4.61936437546
3700 400 0.827540549487 1.65508109897 3.31016219795 6.6203243959 9.93048659384 4.13770274743
3900 500 1.44425187753 2.88850375505 5.77700751011 11.5540150202 18.7752744079 7.22125938764
3750 750 1.31135502315 2.62271004629 5.24542009258 10.4908401852 15.7362602777 6.55677511573
3850 600 1.43256213738 2.86512427477 5.73024854953 11.4604970991 17.1907456486 5.73024854953
3800 350 0.708265457894 1.41653091579 2.83306183157 5.66612366315 9.20745095262 3.54132728947
3700 750 1.19330318254 2.38660636508 4.77321273016 9.54642546032 14.3196381905 5.9665159127
3950 350 0.93984962406 1.87969924812 3.75939849624 8.45864661654 12.2180451128 4.6992481203
4000 400 1.46036567557 2.92073135113 5.84146270226 13.1432910801 18.9847537823 7.30182837783
3700 600 1.07764426963 2.15528853925 4.31057707851 8.62115415701 12.9317312355 5.38822134813
3900 450 1.35206392558 2.70412785116 5.40825570233 10.8165114047 17.5768310326 6.76031962791
3800 400 1.0019337321 2.00386746421 4.00773492841 8.01546985682 12.0232047852 5.00966866051
3850 300 0.579911853398 1.1598237068 2.31964741359 4.63929482719 7.53885409418 2.89955926699
3800 600 1.30294857262 2.60589714524 5.21179429048 10.423588581 15.6353828714 6.5147428631
3850 550 1.3776191985 2.755238397 5.510476794 11.020953588 16.531430382 6.88809599251
3750 350 0.644579089854 1.28915817971 2.57831635942 5.15663271883 7.73494907825 3.22289544927
3900 700 1.68639751762 3.37279503525 6.74559007049 13.491180141 20.2367702115 8.43198758811
4000 350 1.03241792278 2.06483584555 4.1296716911 9.29176130498 13.4214329961 5.16208961388
4000 650 1.96463654224 3.92927308448 7.85854616896 15.7170923379 25.5402750491 9.8231827112
600 300 0.266643580642 0.360791273483 0.51510691715 0.747337892823 1.03843823046 0.56315470522
