900 500 0.559862187769 0.757460606982 1.08172467954 1.59345391904 2.28758169935 1.21345695901
900 650 5.79154375615 7.84660766962 11.1996066863 16.2438544739 22.9891838741 12.2418879056
1200 350 0.0404434068055 0.0551501001893 0.0772101402651 0.115815210398 0.169126973914 0.0753718035921
1350 300 0.0303005817712 0.0404007756949 0.0585811247576 0.0888817065288 0.131302521008 0.0686813186813
1550 300 0.035889889818 0.0502458457453 0.0717797796361 0.111258658436 0.165093493163 0.0825467465815
900 600 2.81649744737 3.8088682384 5.43796248494 7.97912005966 11.357769747 5.97143348821
800 650 40.6632262997 56.3599006116 82.9510703364 125.597285933 182.482798165 71.5070718654
1350 700 0.370957407345 0.49460987646 0.719432547578 1.05666655426 1.5287941636 0.74191481469
1000 350 0.0474656379079 0.0646340601299 0.0919015542472 0.134317656207 0.19390218039 0.10806006928
950 650 3.79962653243 5.11488187059 7.3475684014 10.651944467 15.1660306893 8.05390923114
950 550 0.721337753652 0.976356151408 1.39531494772 2.05471966192 2.95092717403 1.57018470618
1050 650 0.889516413696 1.20014119308 1.7154959407 2.51323685139 3.6145428874 1.9908224497
1500 400 0.0772648251883 0.10945850235 0.154529650377 0.238233210997 0.35413044878 0.186723327538
1100 500 0.169779286927 0.230899830221 0.332767402377 0.48896434635 0.699490662139 0.380305602716
1200 450 0.0949400471184 0.130103027533 0.186363796195 0.274271247231 0.397341678681 0.189880094237
1300 700 0.432266022836 0.579869055024 0.843445898217 1.24408269987 1.79232253371 0.917247414311
1250 350 0.0404806545083 0.0553945798534 0.0809613090165 0.121441963525 0.174705982615 0.0809613090165
1950 500 0.15276115793 0.229141736894 0.330982508847 0.534664052754 0.814726175624 0.712885403671
1100 700 1.16267896608 1.57586240031 2.23887767849 3.30546747382 4.74680503507 2.61362544441
850 650 7.74799075195 10.4453374436 14.8629307498 21.4411538038 29.8910051745 17.8355168997
1050 500 0.218764443075 0.295794176552 0.425204128794 0.622400246495 0.896626097674 0.486827915575
800 550 3.87190411536 5.20155437989 7.37394072756 10.5154735709 14.4669694274 8.94704808278
1000 650 2.4400999559 3.29266500073 4.64500955461 6.69557548141 9.33411730119 5.6225194767
800 600 7.67970707265 10.3006359607 14.6078242436 20.9577953363 28.936211216 17.6623626903
1900 650 0.23128740351 0.318020179826 0.46257480702 0.722773135968 1.09861516667 0.780594986846
1100 600 0.393022504576 0.533003122645 0.759125659524 1.11446107462 1.58824162808 0.909874017444
800 300 0.121048384267 0.163853899863 0.231921686958 0.334374232483 0.46629942809 0.262446931687
1100 800 3.99741833399 5.41317066062 7.74499802211 11.3468385001 16.1562324332 9.63960775333
850 550 1.45771439889 1.97266785502 2.81243810656 4.1275500099 5.87443058031 3.1293325411
1100 750 1.60471814566 2.16705527363 3.09971197367 4.52612810314 6.50116582088 3.75805787958
850 400 0.208275155915 0.280415154054 0.401424183189 0.585264823606 0.831937075305 0.481709019827
1000 800 10.0885392783 13.6512751773 19.4363116865 28.2902395146 39.9661363717 22.6815760697
850 500 0.891755044462 1.20160213618 1.71045670958 2.4812958158 3.49144771645 2.07572360632
1000 700 4.45691273953 5.98402751069 8.49528291215 12.2508540531 17.0697495532 10.3843804439
1050 750 2.69008379456 3.63315914783 5.19464456881 7.57552332952 10.822176185 6.43146470425
2300 450 0.207889402838 0.259861753547 0.415778805675 0.727612909932 1.14339171561 1.19536406632
950 700 5.7078255115 7.69315612419 10.9606794243 15.7172006838 22.1143771025 13.2217503998
2250 400 0.163672818037 0.245509227055 0.368263840583 0.572854863129 0.941118703711 0.941118703711
1050 800 5.89169527127 7.99221271582 11.3991495466 16.6248270916 23.7460935499 14.0888365183
850 600 3.99340160836 5.36806653378 7.62939033611 10.9423328064 15.2931472953 9.30648154512
800 500 2.1178221242 2.85653548747 4.02837934791 5.77950203279 7.92655382244 5.00358727712
2000 450 0.156392545289 0.208523393718 0.312785090577 0.495243060081 0.781962726443 0.729831878014
950 750 9.19310779576 12.4238285354 17.7558310569 25.8720319395 36.5360369826 22.2473208657
800 450 1.11685557102 1.51289189368 2.14257307616 3.07218134818 4.24206270299 2.53860939882
850 450 0.326519506139 0.44216183123 0.632631543145 0.916635488589 1.29757491242 0.775483827081
2300 650 0.271849938834 0.407774908251 0.679624847084 1.08739975534 1.69906211771 1.69906211771
1350 750 0.517513754971 0.694557934303 0.994171160865 1.47082856676 2.12453015199 1.08950264204
850 350 0.0773162101953 0.104835539248 0.150701087669 0.2194994103 0.313851395623 0.179530860962
800 400 0.648739926897 0.876386721672 1.24831669624 1.79124895795 2.48808327811 1.43535044781
1050 700 1.86280068033 2.52085526849 3.58386652628 5.23406495505 7.43095488783 4.35328419859
1000 550 0.632461359979 0.853261479735 1.21627184611 1.76265858314 2.49616406572 1.42958721605
900 450 0.202597590536 0.27495387287 0.392532831663 0.57161463044 0.817625990377 0.481169277523
1200 800 2.40967973476 3.24708616741 4.61428034317 6.73343131558 9.50199952148 5.554226339
1100 650 0.542903475992 0.733272227314 1.04350278502 1.53000070507 2.17866459846 1.22682084185
1150 700 0.845525365761 1.14003420103 1.62454873646 2.37507125214 3.39160174805 1.94755842675
950 450 0.181230793476 0.244267591206 0.348672287448 0.508234181704 0.726893073832 0.419588684895
1400 300 0.0327607993635 0.0444610848505 0.0631815416296 0.0959423409931 0.140403425844 0.0748818271166
800 350 0.251699113005 0.341550512614 0.48323925815 0.696924317475 0.965326575279 0.552931689897
900 350 0.0534517804713 0.0730256719115 0.103892193029 0.152074079651 0.217571331777 0.125724610404
1300 800 0.974916553753 1.30539674147 1.86721306058 2.74298555802 3.9161902244 2.1811692389
1350 800 0.741140008085 1.01064546557 1.44859183398 2.13919956879 3.0487804878 1.63387683601
2100 700 0.286163971956 0.429245957934 0.620021939238 0.95387990652 1.47851385511 1.38312586445
1050 400 0.0867417171089 0.116912749147 0.167826365711 0.24702532481 0.35073824744 0.197997397748
1000 400 0.0958550935413 0.130561248099 0.185099490976 0.271038540358 0.390031070272 0.224763667614
2200 600 0.258117804966 0.361364926953 0.567859170926 0.877600536885 1.39383614682 1.34221258582
2100 550 0.193685841565 0.271160178191 0.426108851443 0.697269029634 1.08464071276 1.04590354445
900 400 0.133062901288 0.179570323097 0.25708269278 0.378518738615 0.54000284212 0.315216970041
950 300 0.028636884307 0.0383734249714 0.0549828178694 0.0801832760596 0.114547537228 0.0664375715922
2200 300 0.0751597143931 0.11273957159 0.169109357384 0.281848928974 0.43216835776 0.450958286359
1050 550 0.335318947493 0.453666811314 0.643023393428 0.946782910568 1.34522071877 0.773206043631
1200 700 0.684667309547 0.935390549662 1.33076181292 1.94792671167 2.77724204436 1.57184185149
1150 650 0.448982547614 0.608298935477 0.868998479253 1.2745311029 1.81041349844 1.02831486712
950 800 60.7034062587 82.0825256162 117.252838549 170.036001108 236.333425644 136.250346164
2350 700 0.320641282565 0.480961923848 0.721442885772 1.20240480962 1.92384769539 2.00400801603
2450 450 0.217391304348 0.36231884058 0.507246376812 0.869565217391 1.44927536232 1.44927536232
1050 350 0.0445768716421 0.0609999296155 0.0868075921451 0.126692161509 0.181826713277 0.0997114234099
2400 350 0.120777809091 0.201296348484 0.281814887878 0.483111236362 0.805185393937 0.805185393937
2200 550 0.242107301956 0.338950222739 0.484214603912 0.77474336626 1.21053650978 1.25895797017
1450 350 0.0490880942491 0.0679681304988 0.0981761884983 0.147264282747 0.219008420496 0.113280217498
1950 300 0.0615788825485 0.0821051767314 0.123157765097 0.194999794737 0.297631265651 0.28736811856
1300 650 0.295498001043 0.399791413176 0.564922649053 0.834347297062 1.2080653572 0.599687119764
2000 350 0.0790551330498 0.12648821288 0.189732319319 0.284598478979 0.442708745079 0.426897718469
950 600 1.80871759819 2.42914979757 3.44918239655 4.97397339503 6.92991219307 4.16425679584
1950 400 0.121224366098 0.16163248813 0.262652793211 0.404081220325 0.626325891504 0.565713708455
2000 300 0.0580801040795 0.0813121457114 0.127776228975 0.209088374686 0.325248582845 0.31363256203
1450 300 0.0324552388165 0.04597825499 0.0676150808676 0.100070319684 0.148753177909 0.0784334938065
1150 500 0.147242043267 0.196322724355 0.283157775513 0.411522633745 0.592743610073 0.317136708574
1450 750 0.415365444672 0.569204498254 0.815346983985 1.2153285233 1.75376521084 0.86149870006
2250 600 0.230189330725 0.345283996087 0.575473326811 0.920757322898 1.43868331703 1.43868331703
1350 650 0.273610717992 0.367959241438 0.528351731295 0.773657892254 1.11331257666 0.547221435985
1550 750 0.376573539433 0.502098052577 0.717282932253 1.07592439838 1.57802245096 0.806943298784
3800 450 1.1183680773 2.2367361546 4.47347230921 8.94694461841 13.4204169276 5.59184038651
2350 400 0.153988296889 0.256647161482 0.410635458372 0.667282619854 1.07791807823 1.07791807823
2050 300 0.0656331631247 0.0918864283745 0.144392958874 0.223152754624 0.341292448248 0.341292448248
1200 550 0.182112505059 0.242816673412 0.349048968029 0.515985431 0.738567381627 0.384459732902
1550 500 0.127126931351 0.176021904948 0.254253862703 0.381380794054 0.567181693722 0.29336984158
1400 450 0.0940346752865 0.129297678519 0.188069350573 0.287981193065 0.417278871584 0.211578019395
2250 800 0.37078235076 0.593251761216 0.889877641824 1.40897293289 2.15053763441 2.07638116426
2350 500 0.251952632905 0.314940791131 0.50390526581 0.818846056941 1.38573948098 1.38573948098
950 500 0.399122459229 0.539211799223 0.766526577327 1.11542832977 1.57798747126 0.903972722227
1100 450 0.115267447924 0.153689930565 0.219557043664 0.323846639405 0.463814254741 0.252490600214
1250 400 0.0717617509867 0.0978569331637 0.136999706429 0.205499559644 0.296832697263 0.133737808657
900 300 0.0330385773977 0.0442133903411 0.0631619862015 0.092799533573 0.133126032456 0.0772519677388
1150 300 0.0263002169768 0.0350669559691 0.0504087492055 0.0756131238083 0.108488395029 0.0493129068315
2450 600 0.264713668049 0.441189446748 0.705903114797 1.14709256155 1.85299567634 1.94123356569
1050 450 0.133956841541 0.180232841346 0.258171367334 0.377514735253 0.535827366165 0.304447367139
1300 550 0.161761961053 0.217756486032 0.311080694332 0.460399427612 0.665712685871 0.317302308219
1200 750 1.19701627942 1.61282193438 2.31843153067 3.3768459251 4.80066528905 2.83503855652
2300 700 0.361428364898 0.433714037878 0.722856729796 1.15657076767 1.80714182449 1.95171317045
2250 350 0.114413203284 0.143016504105 0.257429707388 0.400446211493 0.62927261806 0.657875918881
1500 350 0.0520359047743 0.0693812063657 0.0997354841507 0.156107714323 0.229825246086 0.12141711114
1450 550 0.147838942517 0.200017392817 0.295677885033 0.44351682755 0.643534220367 0.321767110183
1900 500 0.158561170634 0.226515958049 0.317122341269 0.498335107708 0.770154257367 0.656896278343
2450 700 0.393739541293 0.492174426617 0.787479082587 1.37808839453 2.16556747711 2.26400236244
1150 800 2.9723679865 4.01820116693 5.72456056658 8.31162159187 11.8344280944 7.1373527577
2250 550 0.216146114774 0.32421917216 0.486328758241 0.810547930401 1.29687668864 1.13476710256
2450 350 0.135086455331 0.180115273775 0.315201729107 0.540345821326 0.855547550432 0.720461095101
2050 700 0.300971708659 0.386963625419 0.601943417319 0.945911084358 1.41886662654 1.2898787514
1200 600 0.257716144076 0.349757624103 0.497023992146 0.730195741548 1.04927287231 0.570657176167
2150 400 0.129912309191 0.194868463787 0.324780772978 0.519649236765 0.811951932446 0.811951932446
1200 400 0.0681547111944 0.0937127278923 0.133469642756 0.198784574317 0.286817742943 0.133469642756
950 400 0.10621580724 0.14404609475 0.20515655919 0.301187289023 0.429228262135 0.248806890932
1000 600 1.47939595598 1.996416688 2.84105451753 4.09521371897 5.71282313796 3.39390836959
2150 650 0.247267692003 0.395628307205 0.593442460808 0.890163691212 1.43415261362 1.38469907522
1050 600 0.600725012947 0.807871569135 1.14966338685 1.68824443294 2.40290005179 1.39306059037
1850 300 0.0478545222524 0.0717817833785 0.111660551922 0.167490827883 0.263199872388 0.231296857553
1950 350 0.0839395635143 0.111919418019 0.167879127029 0.265808617795 0.419697817571 0.391717963067
2400 700 0.355460766018 0.533191149027 0.79978672354 1.24411268106 2.0438994046 2.13276459611
2800 800 0.657318141981 0.876424189308 1.31463628396 2.4101665206 3.94390885188 3.2865907099
1950 550 0.193316763325 0.248550124275 0.38663352665 0.60756697045 0.911350455675 0.800883733775
1450 400 0.0788510278795 0.107012109265 0.152069839482 0.230920867361 0.343565192903 0.180230920867
2550 550 0.309901348071 0.413201797428 0.723103145499 1.23960539228 1.96270853778 1.85940808843
2000 550 0.185643564356 0.278465346535 0.402227722772 0.649752475248 0.990099009901 0.897277227723
1000 300 0.0263424518744 0.0357987166498 0.0513340087808 0.0749746707194 0.107396149949 0.0601148260723
2050 750 0.324314306894 0.463306152706 0.694959229059 1.06560415122 1.62157153447 1.38991845812
1250 650 0.339311682016 0.452415576022 0.654386815317 0.953304249475 1.37340442721 0.727096461464
1100 400 0.0798532426891 0.107909787418 0.155390093882 0.228768749326 0.32804575375 0.172655659868
2800 700 0.400488596087 0.800977192174 1.20146578826 2.00244298044 3.40415306674 2.80342017261
1450 700 0.314824288694 0.419765718258 0.616530898692 0.91823750869 1.32488554825 0.629648577388
1100 300 0.026158445441 0.0355007473842 0.0513826606876 0.0766068759342 0.11023916293 0.0541853512706
2550 400 0.239712345186 0.319616460248 0.479424690372 0.878945265681 1.43827407111 1.35836995605
1150 600 0.302580497831 0.41105275177 0.588033797671 0.862068965517 1.22744918931 0.69650605161
3600 800 1.01940955798 2.03881911597 4.07763823194 8.15527646387 12.2329146958 5.09704778992
2350 450 0.232463532283 0.290579415354 0.464927064567 0.755506479921 1.22043354449 1.04608589528
2600 750 0.421721467028 0.702869111714 0.9840167564 1.68688586811 2.81147644686 2.81147644686
2550 500 0.291772028788 0.389029371718 0.680801400506 1.06983077222 1.84788951566 1.75063217273
2200 400 0.14591617116 0.21887425674 0.328311385109 0.547185641849 0.875497026958 0.911976069748
2300 800 0.409198788772 0.57287830428 0.900237335297 1.47311563958 2.29151321712 2.20967345937
2350 750 0.340251786322 0.510377679483 0.850629465805 1.36100714529 2.12657366451 2.21163661109
2450 750 0.416150813055 0.624226219582 0.936339329373 1.45652784569 2.39286717506 2.49690487833
2850 650 0.423199813792 0.634799720688 1.26959944138 2.11599906896 3.38559851034 2.53919888275
3000 450 0.463316885584 0.694975328376 1.15829221396 2.08492598513 3.24321819909 2.08492598513
2700 400 0.220809044338 0.331213566508 0.662427133015 1.10404522169 1.87687687688 1.4352587882
1850 750 0.280199252802 0.404732254047 0.591531755915 0.93399750934 1.3698630137 0.809464508095
1150 450 0.105357751542 0.139444082923 0.201419230888 0.294381952837 0.424529763565 0.220011775278
2300 400 0.183410518593 0.229263148242 0.366821037186 0.641936815076 1.00875785226 1.00875785226
2600 350 0.187981703114 0.250642270819 0.375963406228 0.689266244752 1.12789021869 0.939908515571
2600 450 0.300908744408 0.401211659211 0.601817488816 1.10333206283 1.80545246645 1.60484663684
2350 350 0.107882623705 0.179804372842 0.287686996548 0.46749136939 0.755178365938 0.683256616801
3150 650 0.769585962752 1.15437894413 1.92396490688 3.07834385101 5.38710173926 3.07834385101
3750 400 0.910580950647 1.82116190129 3.64232380259 7.28464760517 10.9269714078 4.55290475323
2800 750 0.418585182085 0.837170364169 1.25575554625 2.09292591042 3.76726663876 3.13938886563
1250 800 1.37508283632 1.85553346587 2.6507620941 3.87673956262 5.53346587144 3.19748177601
3100 500 0.608291006417 0.912436509626 1.52072751604 2.43316402567 4.25803704492 2.43316402567
2550 800 0.536466296505 0.670582870631 1.07293259301 1.74351546364 2.81644805665 2.95056463078
1400 650 0.247313046794 0.340055439341 0.484321383304 0.721329719815 1.05108044887 0.50493080387
1900 600 0.213555430982 0.2936387176 0.427110861963 0.667360721817 0.98769386829 0.747444008435
2600 400 0.267094017094 0.356125356125 0.534188034188 0.979344729345 1.60256410256 1.4245014245
2600 700 0.401257272788 0.535009697051 0.936266969839 1.60502909115 2.67504848525 2.54129606099
3150 700 0.8010253124 1.2015379686 2.002563281 3.2041012496 5.6071771868 3.2041012496
2800 300 0.143092222938 0.214638334407 0.357730557344 0.64391500322 1.1447377835 0.787007226157
3250 750 1.0101010101 1.51515151515 2.0202020202 4.0404040404 6.56565656566 3.53535353535
1800 650 0.209976202697 0.303298959451 0.443283094583 0.676589986468 1.0265503243 0.606597918903
3800 300 0.527231507355 1.05446301471 2.10892602942 4.21785205884 6.85400959561 2.63615753677
3250 800 1.04712041885 1.57068062827 2.61780104712 4.18848167539 7.32984293194 3.66492146597
3300 300 0.199652604468 0.399305208936 0.798610417873 1.59722083575 2.59548385809 1.19791562681
3400 750 0.673899858481 1.34779971696 2.69559943392 5.39119886785 8.76069816025 4.04339915089
2700 500 0.267426156952 0.534852313905 0.802278470857 1.33713078476 2.2731223341 1.87198309867
2250 750 0.347077606553 0.485908649174 0.763570734416 1.24947938359 1.9436345967 1.87421907539
3850 750 1.58212827896 3.16425655792 6.32851311584 12.6570262317 18.9855393475 7.9106413948
3550 800 0.927729845069 1.85545969014 3.71091938028 7.42183876055 11.1327581408 4.63864922535
1500 500 0.12114918657 0.173070266528 0.242298373139 0.372101073036 0.545171339564 0.285565939772
600 800 1.17297466375 1.95495777291 3.12793243666 5.08289020957 8.21082264623 8.21082264623
2500 700 0.327175169586 0.54529194931 0.872467118895 1.41775906821 2.2902261871 2.39928457696
2800 450 0.306358470046 0.459537705069 0.765896175115 1.37861311521 2.45086776037 1.83815082027
3500 550 0.704374163556 1.40874832711 2.81749665422 5.63499330845 9.15686412622 3.52187081778
2900 300 0.176616036736 0.264924055104 0.44154009184 0.794772165313 1.32462027552 0.883080183681
3600 600 0.889600569344 1.77920113869 3.55840227738 7.11680455475 10.6752068321 4.44800284672
3450 600 0.666045024644 1.33209004929 2.66418009857 5.32836019715 8.65858532037 3.33022512322
3650 600 0.979527867568 1.95905573514 3.91811147027 7.83622294054 11.7543344108 4.89763933784
2150 700 0.317880794702 0.423841059603 0.635761589404 1.00662251656 1.58940397351 1.48344370861
3300 700 1.07371020562 1.07371020562 2.14742041123 4.29484082246 6.9791163365 3.22113061685
2500 600 0.294233032562 0.490388387603 0.784621420165 1.27500980777 1.96155355041 2.05963122793
2750 400 0.245618775099 0.368428162649 0.614046937748 1.2280938755 1.96495020079 1.4737126506
2700 700 0.491368296917 0.655157729223 0.982736593835 1.80168375536 2.9482097815 2.62063091689
3200 450 0.6943239021 0.6943239021 1.3886478042 2.7772956084 4.51310536365 2.0829717063
2750 700 0.362194172296 0.724388344592 1.08658251689 1.99206794763 3.25974755066 2.71645629222
3900 700 1.68639751762 3.37279503525 6.74559007049 13.491180141 20.2367702115 8.43198758811
3800 700 1.39719443358 2.79438886715 5.58877773431 11.1775554686 16.7663332029 6.98597216789
600 300 0.265561423253 0.360141979049 0.51510691715 0.743225694745 1.03584105272 0.566617608865
1250 450 0.0958734470499 0.131825989694 0.187752167139 0.275636160268 0.399472696041 0.187752167139
2400 550 0.299692814865 0.374616018581 0.59938562973 0.97400164831 1.57338727804 1.64831048176
2950 350 0.263341540811 0.395012311217 0.658353852028 1.18503693365 1.97506155609 1.18503693365
1200 650 0.402368660796 0.54661402976 0.774369875493 1.14637109019 1.63225022776 0.911023382933
2700 450 0.248268328409 0.372402492614 0.744804985228 1.24134164205 2.11028079148 1.73787829887
3650 550 0.940822278672 1.88164455734 3.76328911469 7.52657822937 11.2898673441 4.70411139336
3900 500 1.44425187753 2.88850375505 5.77700751011 11.5540150202 18.7752744079 7.22125938764
2550 700 0.362279462377 0.603799103962 0.845318745547 1.44911784951 2.41519641585 2.41519641585
2750 800 0.595983074081 0.794644098774 1.19196614816 2.18527127163 3.57589844448 3.1785763951
3900 650 1.62988558203 3.25977116406 6.51954232813 13.0390846563 19.5586269844 8.14942791016
3150 450 0.627884343704 0.941826515556 1.25576868741 2.51153737482 4.08124823408 2.19759520296
1300 1000 6.78359713989 9.22813664976 13.1393998656 19.4952025912 28.0510908758 15.3394854244
3250 600 0.901428764592 0.901428764592 1.80285752918 3.60571505837 5.85928696985 2.70428629378
3150 400 0.561009817672 0.561009817672 1.12201963534 2.24403927069 3.64656381487 1.96353436185
3050 450 0.513044147449 0.769566221173 1.28261036862 2.0521765898 3.59130903214 2.0521765898
3250 700 0.973472864444 0.973472864444 1.94694572889 3.89389145778 6.32757361889 3.89389145778
2750 550 0.314139415072 0.471209122609 0.942418245217 1.57069707536 2.67018502812 2.19897590551
3300 750 1.11203780929 1.11203780929 2.22407561857 4.44815123714 7.22824576036 3.33611342786
3950 600 1.73016367348 3.46032734697 6.92065469393 13.8413093879 20.7619640818 8.65081836742
3050 300 0.240952243265 0.361428364898 0.602380608163 0.963808973062 1.68666570286 0.963808973062
3050 400 0.457906907526 0.686860361289 1.14476726881 1.8316276301 3.20534835268 1.8316276301
3000 500 0.496746311659 0.745119467488 1.24186577915 2.23535840246 3.72559733744 2.23535840246
3850 650 1.48378959863 2.96757919727 5.93515839454 11.8703167891 17.8054751836 5.93515839454
2850 300 0.15903307888 0.238549618321 0.397582697201 0.715648854962 1.1927480916 0.795165394402
2150 300 0.0667779632721 0.100166944908 0.150250417362 0.25041736227 0.400667779633 0.417362270451
1900 900 0.508059673918 0.738995889335 1.06230659092 1.61655350792 2.40173664034 1.3856172925
3100 300 0.266841002788 0.400261504183 0.667102506971 1.06736401115 1.86788701952 0.93394350976
3400 300 0.24343931058 0.48687862116 0.973757242319 1.94751448464 3.16471103754 1.2171965529
3850 500 1.3136806705 2.62736134101 5.25472268201 10.509445364 15.764168046 6.56840335251
2700 850 0.568095743069 0.757460990759 1.32555673383 2.27238297228 3.59793970611 3.59793970611
2950 300 0.196039992158 0.294059988238 0.490099980396 0.882179964713 1.47029994119 0.882179964713
3800 400 1.0019337321 2.00386746421 4.00773492841 8.01546985682 12.0232047852 5.00966866051
1850 700 0.255630982475 0.369244752464 0.539665407447 0.82369983242 1.24975146988 0.710086062431
3950 400 1.32991102895 2.6598220579 5.31964411581 10.6392882316 17.2888433764 6.64955514476
3000 700 0.596427399875 0.894641099812 1.49106849969 2.68392329944 4.47320549906 2.98213699937
1050 850 10.9116344136 14.8286313826 21.2636978317 31.196083003 44.9055723945 24.7143856377
1500 900 0.956480153037 1.29406138352 1.88482853687 2.78504515149 4.0228429966 1.96922384449
600 350 0.70315581854 0.955128205128 1.36883629191 1.98520710059 2.77613412229 1.43934911243
2950 800 0.586785588546 0.880178382819 1.46696397136 2.93392794273 4.69428470837 3.52071353128
1550 900 0.815779506453 1.10712933019 1.60242403053 2.35993357224 3.43792792005 1.68982897765
3600 700 0.95529231945 1.9105846389 3.8211692778 7.6423385556 11.4635078334 4.77646159725
3350 750 0.612182430364 1.22436486073 2.44872972146 4.89745944291 7.95837159474 3.67309458219
2450 300 0.100123485632 0.133497980843 0.233621466475 0.400493942529 0.634115409004 0.634115409004
3550 300 0.326455993732 0.652911987464 1.30582397493 2.61164794986 3.91747192478 1.63227996866
3600 350 0.48309178744 0.966183574879 1.93236714976 3.86473429952 5.79710144928 2.4154589372
1200 1000 14.9910053968 20.2878273036 28.9826104337 42.7743353988 61.7629422347 32.480511693
2900 750 0.510086969828 0.765130454743 1.53026090949 2.55043484914 4.33573924354 3.31556530388
2400 750 0.376081233546 0.56412185032 0.84618277548 1.4103046258 2.25648740128 2.35050770967
2550 750 0.381543470519 0.635905784199 1.01744925472 1.65335503892 2.67080429364 2.67080429364
1500 850 0.695426412295 0.950416096803 1.34449106377 2.01673659566 2.92079093164 1.43721458541
3550 750 0.897343862168 1.79468772434 3.58937544867 7.17875089734 10.768126346 4.48671931084
3350 300 0.220541208125 0.441082416249 0.882164832499 1.764329665 2.86703570562 1.32324724875
1400 350 0.0459347726229 0.065621103747 0.0951506004331 0.141085373056 0.206706476803 0.108274821182
2700 300 0.115566855426 0.173350283139 0.346700566278 0.577834277129 0.98231827112 0.751184560268
3500 350 0.397693378405 0.79538675681 1.59077351362 3.18154702724 5.17001391927 1.98846689203
2300 950 0.605577367555 0.807436490074 1.21115473511 2.01859122518 3.12881639904 2.82602771526
2100 600 0.249003984064 0.332005312085 0.498007968127 0.788512616202 1.20351925631 1.1620185923
3850 300 0.579911853398 1.1598237068 2.31964741359 4.63929482719 7.53885409418 2.89955926699
3650 300 0.395961195803 0.791922391606 1.58384478321 3.16768956642 4.75153434963 1.97980597901
4000 450 1.63086909014 3.26173818028 6.52347636055 14.6778218112 21.2012981718 8.15434545069
2700 350 0.155520995334 0.233281493002 0.466562986003 0.777604976672 1.32192846034 1.01088646967
3550 600 0.807950230266 1.61590046053 3.23180092106 6.46360184213 9.69540276319 4.03975115133
2500 950 0.58157286381 0.872359295715 1.45393215953 2.32629145524 3.63483039881 3.78022361477
1050 300 0.0270377733598 0.0365805168986 0.051689860835 0.0763419483101 0.109741550696 0.0580516898608
3300 800 1.15273775216 1.72910662824 2.30547550432 4.61095100865 7.49279538905 4.03458213256
3400 450 0.516075759922 1.03215151984 2.06430303969 4.12860607937 6.70898487898 2.58037879961
3100 800 0.784621420165 1.17693213025 1.96155355041 3.53079639074 5.88466065124 3.53079639074
2800 350 0.1924001924 0.2886002886 0.481000481 0.865800865801 1.5392015392 1.0582010582
3650 700 1.05108261509 2.10216523019 4.20433046037 8.40866092075 12.6129913811 5.25541307547
2200 700 0.293806557762 0.411329180867 0.646374427077 1.05770360794 1.64531672347 1.64531672347
3700 700 1.15586892446 2.31173784893 4.62347569786 9.24695139571 13.8704270936 5.77934462232
1650 900 0.709311323188 0.967242713438 1.38638122259 2.063451122 3.03069383544 1.5475883415
3900 450 1.35206392558 2.70412785116 5.40825570233 10.8165114047 17.5768310326 6.76031962791
3750 500 1.0861655099 2.1723310198 4.3446620396 8.6893240792 13.0339861188 5.4308275495
2600 1000 0.743066262934 1.1145993944 1.6718990916 2.60073192027 4.27263101187 4.4583975776
2000 600 0.1998001998 0.2997002997 0.4662004662 0.699300699301 1.0989010989 0.965700965701
3300 450 0.423531404854 0.847062809707 1.69412561941 3.38825123883 5.5059082631 2.54118842912
2750 300 0.128642181771 0.192963272657 0.321605454429 0.578889817971 1.02913745417 0.771853090628
3550 400 0.619540301097 1.23908060219 2.47816120439 4.95632240877 7.43448361316 3.09770150548
3050 500 0.549797949254 0.82469692388 1.37449487313 2.19919179701 3.84858564478 2.19919179701
3600 650 0.922509225092 1.84501845018 3.69003690037 7.38007380074 11.0701107011 4.61254612546
1550 1000 1.79619731885 2.4095329887 3.50477525629 5.16954350302 7.49145711031 3.6800140191
3700 450 0.923872875092 1.84774575018 3.69549150037 7.39098300074 11.0864745011 4.61936437546
4000 350 1.03241792278 2.06483584555 4.1296716911 9.29176130498 13.4214329961 5.16208961388
3750 650 1.22741555381 2.45483110762 4.90966221524 9.81932443048 14.7289866457 6.13707776905
600 450 9.28559477999 12.6707935977 18.2198427305 26.4235123529 36.7241090848 18.5488818248
3550 350 0.43846187574 0.87692375148 1.75384750296 3.50769500592 5.26154250888 2.1923093787
2400 850 0.424047747776 0.636071621665 1.06011936944 1.69619099111 2.6502984236 2.75631036055
3000 650 0.571542880005 0.857314320007 1.42885720001 2.57194296002 4.28657160003 2.85771440002
2500 750 0.460156223038 0.575195278797 0.920312446075 1.61054678063 2.53085922671 2.64589828247
750 450 1.59866095066 2.15887547183 3.07776392423 4.43901689183 6.14869596406 3.39203060684
850 750 0.141262890239 0.211894335358 0.423788670716 0.706314451194 1.20073456703 0.918208786552
3350 550 15.2479099848 16.2994899837 17.8768599821 21.031599979 26.8152899732 3.15473999685
3650 750 1.08532852895 2.17065705789 4.34131411578 8.68262823157 13.0239423473 5.42664264473
3750 450 1.01671479117 2.03342958233 4.06685916467 8.13371832933 12.200577494 5.08357395583
2650 1000 0.813272608979 1.01659076122 1.62654521796 2.84645413142 4.47299934938 4.67631750163
1950 650 0.225413795324 0.322019707606 0.483029561409 0.772847298255 1.15927094738 0.933857152058
3850 700 1.53536718306 3.07073436612 6.14146873225 12.2829374645 18.4244061967 6.14146873225
1100 550 0.245502645503 0.325925925926 0.469841269841 0.685714285714 0.982010582011 0.554497354497
1800 850 0.45524583275 0.630340383807 0.945510575711 1.40075640846 2.10113461269 1.12060512677
3400 800 0.697447342726 1.39489468545 2.7897893709 5.5795787418 9.06681545543 4.18468405635
2450 800 0.440266801682 0.660400202523 0.990600303784 1.65100050631 2.64160081009 2.42146740925
1800 700 0.256252562526 0.358753587536 0.538130381304 0.794382943829 1.20438704387 0.666256662567
750 600 20.6682801971 28.1032891644 39.9087600773 57.5821420487 79.7652835577 43.1474290888
3000 300 0.217410209583 0.326115314375 0.543525523959 0.978345943125 1.52187146708 0.869640838334
1200 950 8.52803738318 11.5654205607 16.5303738318 24.3574766355 35.1635514019 19.5677570093
1250 850 1.86152914527 2.534371005 3.65577410456 5.38273487788 7.71525332496 4.23890371633
1500 300 0.0343042474896 0.0467785193039 0.0686084949791 0.106031310422 0.159046965633 0.0810827667935
3450 700 65.2189493299 66.6523328316 70.9524833369 79.5527843475 93.1699276141 3.58345875439
3250 500 0.821018062397 0.821018062397 1.64203612479 3.28407224959 5.33661740558 2.46305418719
2900 400 0.336377550162 0.504566325243 0.840943875406 1.51369897573 2.52283162622 1.68188775081
1550 950 1.16756297764 1.59213133314 2.33512595528 3.43192754033 4.98867817719 2.44126804416
2500 850 0.514211520909 0.771317281364 1.15697592205 1.92829320341 2.95671624523 3.08526912545
3850 550 1.3776191985 2.755238397 5.510476794 11.020953588 16.531430382 6.88809599251
2300 850 0.437407051002 0.612369871402 0.962295512204 1.57466538361 2.44947948561 2.36199807541
2300 1000 0.655079046205 0.982618569307 1.41933793344 2.29277666172 3.60293475413 3.27539523102
2850 400 0.3030808165 0.45462122475 0.757702041249 1.36386367425 2.424646532 1.66694449075
3150 600 0.739754401539 1.10963160231 1.84938600385 2.95901760615 5.17828081077 2.58914040539
1500 450 0.0987917014971 0.136788509765 0.197583402994 0.303974466145 0.448362337564 0.227980849609
2150 1000 0.678195998644 0.932519498135 1.44116649712 2.20413699559 3.39097999322 2.71278399457
2050 1000 0.723746109865 1.01324455381 1.44749221973 2.31598755157 3.47398132735 2.31598755157
3200 750 0.916590284143 1.37488542621 2.29147571036 3.66636113657 6.416131989 3.66636113657
2000 900 0.491857033556 0.71046015958 1.03836484862 1.63952344519 2.45928516778 1.63952344519
1350 950 2.67480409885 3.61663652803 5.19891500904 7.64767932489 11.0382760699 5.87703435805
750 550 7.83207609052 10.6264348967 15.1328304362 21.8301082322 30.2394227616 16.0839619547
1850 1000 0.875848478213 1.20429165754 1.75169695643 2.62754543464 3.94131815196 2.02539960587
3050 600 0.605950433255 0.908925649882 1.51487608314 2.72677694965 4.24165303278 2.72677694965
3550 450 0.691802144587 1.38360428917 2.76720857835 5.53441715669 8.30162573504 3.45901072293
1150 350 0.0411731171217 0.0554253499715 0.0807626528156 0.118768607082 0.171026794198 0.0807626528156
3200 1000 1.11526236547 1.67289354821 2.78815591368 5.01868064462 8.36446774104 5.57631182736
3800 350 0.708265457894 1.41653091579 2.83306183157 5.66612366315 9.20745095262 3.54132728947
3100 600 0.669635383534 1.0044530753 1.67408845883 2.67854153413 4.68744768474 2.67854153413
2300 900 0.469351356425 0.750962170281 1.12644325542 1.78353515442 2.72223786727 2.62836759598
1550 450 0.103689622397 0.138252829863 0.207379244794 0.319709669057 0.466603300786 0.24194245226
2350 900 0.515070976781 0.721099367493 1.13315614892 1.75124132105 2.78138327462 2.78138327462
3250 350 0.242612450871 0.485224901742 0.970449803484 1.94089960697 3.15396186132 1.45567470523
3300 500 0.45324751847 0.90649503694 1.81299007388 3.62598014776 5.89221774011 2.71948511082
3350 600 0.548245614035 1.09649122807 2.19298245614 4.38596491228 7.12719298246 3.28947368421
4000 650 1.96463654224 3.92927308448 7.85854616896 15.7170923379 25.5402750491 9.8231827112
3100 350 0.358467908161 0.537701862241 0.896169770401 1.43387163264 2.50927535712 1.25463767856
2600 600 0.362862257487 0.483816343316 0.846678600803 1.33049494412 2.29812763075 2.17717354492
2450 650 0.372508847085 0.465636058856 0.74501769417 1.21065375303 2.04879865897 1.76941702365
1850 850 0.457317073171 0.609756097561 0.876524390244 1.37195121951 2.01981707317 1.14329268293
1850 900 0.554134697357 0.724637681159 1.10826939471 1.66240409207 2.47229326513 1.36402387042
3250 550 0.863557858377 0.863557858377 1.72711571675 3.45423143351 5.61312607945 2.59067357513
1900 950 0.67124490112 0.877781793773 1.29085557908 1.9621004802 2.99478494346 1.65229514122
1300 450 0.0953895071542 0.127186009539 0.186236656825 0.277083806496 0.399727458551 0.186236656825
2000 950 0.602845430432 0.843983602604 1.26597540391 1.92910537738 2.89365806607 1.86882083434
3050 750 0.684720462871 1.02708069431 1.71180115718 3.08124208292 5.13540347153 3.42360231436
1950 850 0.409053722389 0.590855376784 0.863557858377 1.31806199436 1.99981819835 1.31806199436
3200 700 0.883275184384 1.32491277658 2.20818796096 3.53310073753 6.18292629069 3.09146314534
1950 1000 0.749765698219 1.06216807248 1.56201187129 2.37425804436 3.56138706654 1.99937519525
3150 500 0.672653280866 1.0089799213 1.34530656173 2.69061312347 4.70857296606 2.35428648303
3250 450 0.383670963781 0.767341927563 1.53468385513 3.06936771025 4.98772252916 2.30202578269
3400 650 57.0855027915 58.967442444 62.1040085315 69.6317671413 82.1780314911 3.76387930494
3950 350 0.93984962406 1.87969924812 3.75939849624 8.45864661654 12.2180451128 4.6992481203
3600 300 0.359544098084 0.719088196167 1.43817639233 2.87635278467 4.67407327509 1.79772049042
2700 900 0.597502439802 0.796669919736 1.39417235954 2.39000975921 3.98334959868 3.78418211874
1150 850 4.68468468468 6.34788634789 9.11988911989 13.3610533611 19.2376992377 10.7553707554
3750 350 0.644579089854 1.28915817971 2.57831635942 5.15663271883 7.73494907825 3.22289544927
3750 550 1.13938040494 2.27876080987 4.55752161974 9.11504323949 13.6725648592 5.69690202468
3600 500 0.814398566659 1.62879713332 3.25759426663 6.51518853327 9.7727827999 4.07199283329
3750 600 1.18528351982 2.37056703964 4.74113407927 9.48226815854 14.2234022378 5.92641759909
2650 950 0.574910888812 0.958184814687 1.5330957035 2.49128051819 4.02437622169 4.21601318462
1400 900 1.42426732402 1.94467269241 2.76636537935 4.08107367844 5.94357710216 3.06765269789
3450 750 0.741674701476 1.48334940295 2.9666988059 5.93339761181 9.64177111919 3.70837350738
3700 350 0.585823081429 1.17164616286 2.34329232572 4.68658465144 7.02987697715 2.92911540715
2900 600 0.448139102377 0.672208653566 1.12034775594 2.0166259607 3.58511281902 2.46476506308
2150 500 0.201653559185 0.282314982859 0.403307118371 0.68562210123 1.04859850776 1.04859850776
2350 950 0.552187213553 0.883499541685 1.32524931253 1.98787396879 3.20268583861 3.0922483959
3300 350 0.268046211167 0.536092422334 1.07218484467 2.14436968933 3.48460074517 1.608277267
2700 650 0.468047928108 0.624063904144 0.936095856216 1.7161757364 2.80828756865 2.49625561658
1100 350 0.0422971442606 0.057305808353 0.0818654405043 0.12006931274 0.173281849067 0.0886875605463
1900 1000 0.818091509379 1.11026704844 1.63618301876 2.51270963595 3.73984690002 1.98679366563
1150 900 7.54411962818 10.1935425928 14.5942790426 21.5097220351 30.8949660964 17.2437020073
2850 450 0.340084000748 0.510126001122 0.85021000187 1.53037800337 2.72067200599 1.87046200412
1800 950 0.719359769805 0.989119683482 1.43871953961 2.20303929503 3.23711896412 1.70847945329
1750 900 0.624082232012 0.844346549192 1.24816446402 1.83553597651 2.71659324523 1.39500734214
3750 800 1.35191769525 2.7038353905 5.407670781 10.815341562 16.223012343 6.75958847625
3950 650 1.79073473846 3.58146947693 7.16293895385 14.3258779077 21.4888168616 8.95367369232
1450 500 0.122595969657 0.168569458279 0.237529691211 0.360125660869 0.528695119148 0.268178683626
3400 550 0.579844601647 1.15968920329 2.31937840659 4.63875681317 7.53797982141 2.89922300823
2800 850 0.688784295718 0.918379060957 1.37756859144 2.52554241763 4.13270577431 3.67351624383
3850 400 1.10146715425 2.2029343085 4.405868617 8.811737234 13.217605851 5.50733577125
650 500 13.2772680938 18.0598029222 25.7560312606 37.5637104995 52.370030581 26.7584097859
2400 900 0.565636454138 0.791891035793 1.13127290828 1.92316394407 2.94130956152 2.94130956152
2450 850 0.466929703733 0.7003945556 1.0505918334 1.750986389 2.8015782224 2.91831064833
3500 750 0.815793767336 1.63158753467 3.26317506934 6.52635013868 10.6053189754 4.07896883668
700 500 6.31402255315 8.61668244814 12.3870190238 17.9693552552 25.126969097 12.6065249204
2700 1000 0.667868830562 1.1131147176 1.78098354816 2.89409826577 4.67508181393 4.67508181393
3700 600 1.07764426963 2.15528853925 4.31057707851 8.62115415701 12.9317312355 5.38822134813
2450 950 0.662857445878 0.928000424229 1.32571489176 2.12114382681 3.44685871856 3.57943020774
1300 850 1.25151044364 1.7046435353 2.43828758847 3.60348696703 5.20024167098 2.74037631624
2750 750 0.568450971104 0.757934628138 1.13690194221 2.08432022738 3.41070582662 3.03173851255
1650 850 0.555108384912 0.749396319631 1.08246135058 1.63756973549 2.38696605512 1.22123844681
3200 650 0.848752334069 1.2731285011 1.69750466814 3.39500933628 5.51689017145 2.97063316924
650 450 4.18532321634 5.70823390621 8.20977558517 11.9071238974 16.6474515377 8.20173204279
2700 550 0.283069606816 0.566139213633 0.849208820449 1.41534803408 2.40609165794 2.12302205112
2650 500 0.360958706324 0.481278275099 0.721917412648 1.20319568775 2.04543266917 1.80479353162
3400 500 0.551845924618 1.10369184924 2.20738369847 4.41476739694 7.17399702003 2.75922962309
1450 1000 3.00136425648 4.04729422465 5.86630286494 8.64029104138 12.460209186 6.54843110505
1150 400 0.0742500742501 0.0990000990001 0.14355014355 0.210375210375 0.304425304425 0.150975150975
1250 950 3.8394084467 5.26141157511 7.48921647628 11.0916244016 15.9738351424 8.53201877044
2750 850 0.625130235466 0.833506980621 1.45863721609 2.29214419671 3.95915815795 3.54240466764
1250 500 0.128016689583 0.175430278318 0.251292020293 0.369825992129 0.531032193827 0.251292020293
2650 750 0.465852976801 0.621137302401 1.0869902792 1.8634119072 2.9504021864 2.7951178608
2950 650 0.517170045511 0.775755068266 1.29292511378 2.3272652048 4.13736036409 2.84443525031
1850 350 0.0654179114241 0.0981268671362 0.152641793323 0.228962689985 0.359798512833 0.305283586646
2050 950 0.588658512656 0.850284518281 1.24272352672 1.89678854078 2.87788606187 2.093008045
1300 900 1.66476824674 2.27810391659 3.24191711207 4.78985951693 6.92193113117 3.59239463769
2350 850 0.481231953802 0.673724735322 0.962463907603 1.63618864293 2.50240615977 2.50240615977
3450 350 0.360685302074 0.721370604148 1.4427412083 2.88548241659 4.68890892696 1.80342651037
650 400 1.53710327342 2.09965137864 2.99271064427 4.34078869923 6.07031285371 3.18060397519
2700 800 0.540657439446 0.720876585928 1.26153402537 1.9824106113 3.42416378316 3.24394463668
4000 400 1.46036567557 2.92073135113 5.84146270226 13.1432910801 18.9847537823 7.30182837783
2150 450 0.184842883549 0.258780036969 0.369685767098 0.591497227357 0.924214417745 0.924214417745
2000 400 0.136730322228 0.182307096304 0.273460644456 0.432979353721 0.660863224101 0.615286450025
3550 550 0.776156473145 1.55231294629 3.10462589258 6.20925178516 9.31387767774 3.88078236572
1950 450 0.138818194438 0.208227291657 0.300772754616 0.462727314793 0.71722733793 0.67095460645
3500 600 0.733675715334 1.46735143067 2.93470286134 5.86940572267 9.53778429934 3.66837857667
1900 850 0.415765840679 0.58207217695 0.873108265425 1.33045069017 1.99567603526 1.20572093797
2800 550 0.348474552646 0.522711828969 1.04542365794 1.74237276323 2.96203369749 2.2650845922
2750 1000 0.731314904198 1.21885817366 1.70640144313 2.92525961679 4.87543269465 4.87543269465
2350 1000 0.714132685853 0.952176914471 1.42826537171 2.38044228618 3.57066342927 3.45164131496
3600 400 0.682640453273 1.36528090655 2.73056181309 5.46112362619 8.19168543928 3.41320226637
3900 750 1.73882802991 3.47765605982 6.95531211963 13.9106242393 20.8659363589 8.69414014954
2350 650 0.302000755002 0.453001132503 0.679501698754 1.13250283126 1.73650434126 1.81200453001
2050 650 0.239482717331 0.359224075996 0.518879220883 0.838189510657 1.2772411591 0.997844655544
3500 700 0.789016884961 1.57803376992 3.15606753985 6.31213507969 10.2572195045 3.94508442481
3850 450 1.22996691389 2.45993382778 4.91986765556 9.83973531112 14.7596029667 6.14983456945
3100 550 0.640697078421 0.961045617632 1.60174269605 2.56278831369 4.48487954895 2.56278831369
2750 900 0.65717415115 0.876232201533 1.53340635268 2.40963855422 4.16210295728 3.9430449069
2650 850 0.515907136715 0.859845227859 1.203783319 2.06362854686 3.43938091144 3.43938091144
2750 950 0.692392909897 0.923190546529 1.61558345643 2.76957163959 4.61595273264 4.38515509601
2600 850 0.468018720749 0.780031201248 1.248049922 2.02808112324 3.27613104524 3.27613104524
2750 350 0.173025348214 0.25953802232 0.432563370534 0.865126741068 1.38420278571 1.03815208928
600 400 2.66527786288 3.63641933705 5.22792721034 7.66650327799 10.7208504381 5.17737883708
3800 650 1.34974624771 2.69949249541 5.39898499082 10.7979699816 16.1969549725 6.74873123853
2300 300 0.0949149324918 0.118643665615 0.189829864984 0.308473530598 0.498303395582 0.522032128705
2400 650 0.335486035394 0.419357544242 0.754843579636 1.17420112388 1.92904470351 1.92904470351
2050 550 0.207756232687 0.277008310249 0.415512465374 0.657894736842 1.03878116343 1.00415512465
2350 600 0.285306704708 0.427960057061 0.641940085592 0.998573466476 1.64051355207 1.71184022825
2050 600 0.223048327138 0.297397769517 0.483271375465 0.743494423792 1.15241635688 1.0780669145
750 300 0.166922313453 0.226773737556 0.324821799152 0.471292369695 0.658967186983 0.355499413516
2400 1000 0.649080901444 0.908713262021 1.42797798318 2.3366912452 3.76466922837 3.63485304808
2150 800 0.365786746327 0.54868011949 0.792537950375 1.28025361214 2.0118271048 1.76796927391
1450 900 1.15568763414 1.56843321776 2.22882615156 3.30196466898 4.78784877002 2.39392438501
3050 800 0.712377560107 1.06856634016 1.78094390027 3.20569902048 5.3428317008 3.56188780053
1450 650 0.237664101403 0.3282028067 0.475328202807 0.701674966048 1.01856043459 0.497962879131
2450 1000 0.709068992413 0.992696589378 1.55995178331 2.4108345742 3.82897255903 3.82897255903
2000 1000 0.738453276047 1.00698174006 1.5440386681 2.34962406015 3.49087003222 2.14822771214
2900 650 0.468044276989 0.702066415483 1.17011069247 2.10619924645 3.74435421591 2.80826566193
3850 800 1.63094888606 3.26189777212 6.52379554425 13.0475910885 19.5713866327 8.15474443031
3700 650 1.11648263311 2.23296526623 4.46593053245 8.9318610649 13.3977915974 5.58241316556
2600 650 0.381349468653 0.508465958204 0.889815426857 1.52539787461 2.41521330147 2.28809681192
3650 450 0.839419121968 1.67883824394 3.35767648787 6.71535297574 10.0730294636 4.19709560984
3900 400 1.21058047334 2.42116094667 4.84232189335 9.6846437867 15.7375461534 6.05290236668
1500 600 0.187103093805 0.253139479853 0.363200123268 0.550303217073 0.803442696926 0.407224380634
2300 500 0.225695424025 0.338543136038 0.507814704057 0.789933984088 1.29774868815 1.29774868815
1400 700 0.326686671184 0.435582228245 0.629174329687 0.931661988191 1.34304520376 0.641273836027
1150 950 12.9391468005 17.5658720201 25.0941028858 36.9353826851 53.3249686324 29.4855708908
3100 750 0.754973387188 1.13246008078 1.88743346797 3.39738024235 5.66230040391 3.39738024235
1100 850 6.7269933413 9.08314836947 13.0783677651 19.1565647943 27.5909168516 15.3320812703
1750 950 0.801856931842 1.05507491032 1.56151086727 2.3211648027 3.41844270943 1.77252584934
2850 600 0.404899281304 0.607348921956 1.01224820326 1.82204676587 3.23919425043 2.42939568782
2950 500 0.448601484871 0.672902227306 1.12150371218 2.01870668192 3.36451113653 2.24300742435
700 400 1.18287032312 1.60437631402 2.29531954849 3.30979159437 4.58553611888 2.51168581984
3650 350 0.532028091083 1.06405618217 2.12811236433 4.25622472867 6.384337093 2.66014045542
3100 700 0.726190043934 1.0892850659 1.81547510984 3.26785519771 5.08333030754 3.26785519771
950 350 0.0496083550914 0.0661444734552 0.094865100087 0.139251523064 0.198433420366 0.114882506527
1350 900 1.5049328354 2.06231536704 2.95412741765 4.34758374673 6.27055348085 3.26068781004
2050 400 0.128382889129 0.17973604478 0.282442356083 0.462178400863 0.71894417912 0.667591023468
2450 400 0.192455735181 0.256607646908 0.449063382089 0.769822940724 1.21888632281 1.21888632281
1200 500 0.126576937682 0.172988481499 0.248934644108 0.367073119278 0.527403907008 0.265811569132
3850 600 1.43256213738 2.86512427477 5.73024854953 11.4604970991 17.1907456486 5.73024854953
2100 400 0.144491966247 0.202288752745 0.288983932493 0.491272685239 0.751358224483 0.751358224483
1800 800 0.376104807873 0.532815144487 0.783551683069 1.19099855826 1.75515577007 0.940262019683
3650 500 0.896780557798 1.7935611156 3.58712223119 7.17424446238 10.7613666936 4.48390278899
1800 1000 0.93080980453 1.29279139518 1.86161960906 2.8441410694 4.18864412038 2.1201778881
2550 850 0.566379700952 0.707974626189 1.1327594019 1.98232895333 3.11508835523 3.25668328047
2550 900 0.59995200384 0.89992800576 1.34989200864 2.09983201344 3.44972402208 3.59971202304
2950 750 0.562793707966 0.84419056195 1.40698426992 2.53257168585 4.50234966373 3.3767622478
1500 950 1.42797436612 1.95040401226 2.78629144609 4.10977988298 5.99052660908 2.96043466147
1550 400 0.0808169862611 0.110204981265 0.168980971273 0.249797957534 0.374696936302 0.191021967526
3750 300 0.47947832758 0.958956655159 1.91791331032 3.83582662064 5.75373993096 2.3973916379
1800 500 0.143012924793 0.19664277159 0.303902465185 0.464792005578 0.697188008366 0.464792005578
2500 800 0.486180324282 0.607725405353 1.09390572964 1.70163113499 2.79553686462 2.55244670248
3050 350 0.323629832198 0.485444748297 0.809074580495 1.29451932879 2.26540882539 1.29451932879
1800 750 0.310831049196 0.423860521631 0.621662098392 0.932493147588 1.38461103733 0.762948938936
1850 550 0.175681314096 0.241561806882 0.351362628192 0.549004106551 0.834486241957 0.614884599337
2350 800 0.451793620674 0.632511068944 0.903587241348 1.53609831029 2.34932682751 2.43968555164
3500 450 0.627706986379 1.25541397276 2.51082794552 5.02165589103 8.16019082292 3.13853493189
1300 600 0.21920210434 0.299576209265 0.431097471869 0.635686102587 0.920648838229 0.445710945492
2550 950 0.637226789014 0.955840183521 1.43376027528 2.3896004588 3.82336073409 3.98266743134
1550 550 0.142428292833 0.19720840546 0.284856585665 0.438240901023 0.646405329009 0.339636698293
3700 300 0.43590078898 0.871801577961 1.74360315592 3.48720631184 5.66671025675 2.1795039449
1650 450 0.11119265239 0.155669713345 0.222385304779 0.344697222408 0.511486200992 0.266862365735
1400 850 0.907107837844 1.25267272845 1.79261787002 2.63493229088 3.82281160234 1.94380250967
1550 650 0.220689655172 0.303448275862 0.441379310345 0.648275862069 0.965517241379 0.496551724138
2250 300 0.084518351047 0.105647938809 0.169036702094 0.295814228664 0.464850930758 0.48598051852
2500 450 0.242483026188 0.323310701584 0.565793727772 0.969932104753 1.53572583253 1.53572583253
2600 900 0.659500098925 0.824375123656 1.31900019785 2.14337532151 3.62725054409 3.62725054409
3600 550 0.854700854701 1.7094017094 3.4188034188 6.83760683761 10.2564102564 4.2735042735
2500 900 0.545650483583 0.818475725374 1.22771358806 2.04618931344 3.2739029015 3.41031552239
2250 1000 0.701276322908 1.00182331844 1.40255264582 2.20401130057 3.50638161454 3.00546995532
1800 550 0.156574157435 0.234861236153 0.352291854229 0.528437781344 0.802442556856 0.508866011665
1150 550 0.202652910833 0.276344878408 0.391488577745 0.575718496684 0.824428887251 0.4513633014
2500 500 0.262054507338 0.349406009783 0.611460517121 1.04821802935 1.65967854647 1.48497554158
1800 300 0.0490952447749 0.0701360639641 0.0981904895497 0.154299340721 0.238462617478 0.196380979099
2450 900 0.496820349762 0.745230524642 1.2420508744 1.98728139905 3.10512718601 3.22933227345
3650 650 1.01507384662 2.03014769324 4.06029538649 8.12059077298 12.1808861595 5.07536923311
2500 400 0.214915108532 0.286553478043 0.501468586575 0.788022064618 1.3611290207 1.14621391217
2050 500 0.160493034602 0.256788855364 0.385183283046 0.609873531489 0.930859600693 0.898760993773
2100 450 0.164641575291 0.230498205407 0.362211465639 0.559781355988 0.889064506569 0.856136191511
1850 450 0.127495264462 0.182136092088 0.273204138132 0.418913011802 0.637476322308 0.509981057846
1350 500 0.120185085031 0.168259119043 0.240370170062 0.354546000841 0.516795865633 0.240370170062
2350 550 0.269088462832 0.33636057854 0.538176925664 0.941809619913 1.47998654558 1.54725866128
2500 350 0.150966183575 0.201288244767 0.352254428341 0.553542673108 0.956119162641 0.905797101449
1750 700 0.25465320863 0.347254375405 0.532456708955 0.787109917585 1.18066487638 0.625057875729
1600 750 0.351226365392 0.487814396378 0.702452730785 1.03416652032 1.5219809167 0.780503034206
2200 750 0.376506024096 0.502008032129 0.753012048193 1.19226907631 1.81977911647 1.75702811245
2050 450 0.146545912834 0.205164277968 0.322401008236 0.527565286204 0.820657111873 0.791347929306
1750 800 0.401238106156 0.544537429783 0.802476212312 1.20371431847 1.8055714777 0.945775535939
2250 700 0.325881509483 0.456234113276 0.716939320863 1.10799713224 1.75976015121 1.75976015121
1900 800 0.339008588218 0.48967907187 0.753352418261 1.13002862739 1.69504294109 1.05469338557
1550 700 0.282029989189 0.391708318318 0.564059978378 0.846089967567 1.23779828588 0.626733309309
1400 400 0.0738080007873 0.103331201102 0.147616001575 0.221424002362 0.324755203464 0.167298135118
2150 600 0.231427910206 0.323999074288 0.509141402453 0.833140476741 1.29599629715 1.29599629715
1700 750 0.327095161328 0.443914861802 0.654190322656 0.981285483984 1.44856428588 0.747646083035
2250 500 0.20205081578 0.30307622367 0.454614335505 0.757690559176 1.21230489468 1.21230489468
2000 700 0.271170682575 0.387386689393 0.58108003409 0.890989385605 1.39459208182 1.12342139924
2100 300 0.0740620047103 0.0888744056524 0.148124009421 0.236998415073 0.370310023552 0.370310023552
1750 400 0.098534302254 0.135484665599 0.197068604508 0.307919694544 0.480354723488 0.307919694544
2300 750 0.384113082892 0.537758316048 0.768226165783 1.30598448183 1.99738803104 1.99738803104
2050 800 0.351194059803 0.501705799719 0.80272927955 1.20409391933 1.85631145896 1.50511739916
2200 450 0.165844355073 0.248766532609 0.373149798914 0.621916331523 0.995066130437 0.995066130437
2150 550 0.21662839565 0.30327975391 0.47658247043 0.73653654521 1.16979333651 1.12646765738
1900 400 0.107334525939 0.161001788909 0.232558139535 0.375670840787 0.572450805009 0.518783542039
1200 300 0.0256167225965 0.0345825755053 0.0499526090632 0.0742884955299 0.107590234905 0.0486717729334
2000 650 0.251148105626 0.322904707233 0.502296211251 0.789322617681 1.21986222732 1.04047072331
2200 350 0.101845957989 0.152768936983 0.229153405474 0.381922342457 0.585614258434 0.611075747931
1400 550 0.1554001554 0.20979020979 0.29526029526 0.44289044289 0.644910644911 0.3108003108
1300 400 0.0711477251451 0.0973600449354 0.14229545029 0.209698558322 0.307058603258 0.146040067403
1950 750 0.303651408183 0.417520686252 0.607302816367 0.948910650573 1.44234418887 1.06277992864
2100 750 0.307550361372 0.461325542058 0.717617509867 1.0764262648 1.69152698754 1.53775180686
1450 450 0.100260677762 0.133680903683 0.19383731034 0.294097988102 0.434462936969 0.220573491077
1650 350 0.0585137507314 0.0780183343086 0.117027501463 0.182042780053 0.27306417008 0.13653208504
2100 650 0.266666666667 0.355555555556 0.533333333333 0.888888888889 1.37777777778 1.24444444444
1950 700 0.279378383098 0.384145276759 0.558756766195 0.87305744718 1.32704731971 1.01274663873
1800 450 0.129015610889 0.177396464972 0.258031221778 0.403173784028 0.596697200361 0.43542768675
1350 600 0.209289221605 0.281735490622 0.402479272317 0.59566932303 0.869355228206 0.410528857764
2250 650 0.305623471883 0.427872860636 0.611246943765 0.977995110024 1.58924205379 1.40586797066
3100 950 0.886721347816 1.33008202172 2.21680336954 3.99024606517 7.09377078253 4.87696741299
1900 300 0.0543281419775 0.0724375226367 0.117710974285 0.181093806592 0.280695400217 0.262586019558
1300 500 0.127870424636 0.170493899515 0.245084980553 0.36229953647 0.527465501625 0.245084980553
3450 900 0.821692686935 1.64338537387 3.28677074774 6.57354149548 10.6820049302 4.93015612161
3900 850 1.84566545468 3.69133090936 7.38266181872 14.7653236374 22.1479854562 9.2283272734
3600 950 1.12483408697 2.24966817394 4.49933634789 8.99867269578 14.6228431306 5.62417043486
3300 950 1.28849375081 1.93274062621 3.22123437701 5.79822187862 9.01945625564 5.15397500322
3950 1000 2.21552640907 4.43105281815 8.8621056363 17.7242112726 28.801843318 11.0776320454
2850 950 0.833889259506 1.11185234601 1.66777851901 3.05759395152 5.00333555704 4.44740938403
2850 1000 0.877886050391 1.17051473385 2.04840078424 3.2189155181 5.55994498581 4.97468761888
2900 900 0.582207731719 1.16441546344 1.74662319516 2.91103865859 4.94876571961 4.07545412203
2500 650 0.310010230338 0.516683717229 0.826693947567 1.3433776648 2.17007161236 1.86006138203
2900 1000 0.96212437061 1.28283249415 1.92424874122 3.5277893589 5.77274622366 5.13132997659
3050 1000 0.844701609157 1.26705241373 2.11175402289 4.22350804578 7.17996367783 5.06820965494
3250 950 1.17453605826 1.76180408739 2.93634014564 5.28541226216 8.2217524078 4.69814423303
3000 900 0.704051818214 1.05607772732 1.76012954553 3.52025909107 5.98444045482 4.22431090928
3550 900 0.990982063225 1.98196412645 3.9639282529 7.9278565058 12.8827668219 4.95491031612
3600 900 1.08785518472 2.17571036944 4.35142073887 8.70284147774 14.1421174013 5.43927592359
3000 1000 0.770861437657 1.15629215648 2.31258431297 3.85430718828 6.55232222008 5.01059934477
3300 900 1.23992560446 1.8598884067 3.09981401116 4.95970241785 8.67947923125 4.33973961562
3600 850 1.05337448516 2.10674897033 4.21349794065 8.42699588131 13.6938683071 5.26687242582
2950 950 0.670555890834 1.00583383625 2.0116676725 3.35277945417 5.69972507208 4.69389123583
3400 950 1.55207201614 1.55207201614 3.10414403228 6.20828806457 10.0884681049 5.4322520565
3350 1000 1.47004777655 2.20507166483 3.67511944138 5.88019110621 10.2903344359 5.14516721793
2800 1000 0.801046701023 1.06806226803 1.86910896905 3.20418680409 5.07329577314 4.80628020614
3300 1000 1.34012329134 2.01018493701 3.35030822836 6.03055481104 9.3808630394 5.36049316537
2800 900 0.723048371936 0.964064495915 1.44609674387 2.65117736377 4.33829023162 4.09727410764
3050 950 0.808407437348 1.21261115602 2.02101859337 3.63783346807 6.46725949879 4.85044462409
2800 950 0.759820682319 1.01309424309 1.77291492541 2.7860091685 4.81219765469 4.30565053314
3950 900 2.08624538418 4.17249076836 8.34498153673 16.6899630735 25.0349446102 10.4312269209
3400 1000 1.61160354553 2.41740531829 3.22320709106 6.44641418211 11.2812248187 5.64061240935
3450 850 0.793587810491 1.58717562098 3.17435124196 6.34870248393 10.3166415364 4.76152686295
3100 1000 0.927041809586 1.39056271438 2.31760452396 4.17168814314 7.41633447668 5.09872995272
3500 900 0.902201371346 1.80440274269 3.60880548538 7.21761097077 11.7286178275 5.41320822808
3200 900 1.0272741281 1.54091119215 2.56818532025 4.62273357645 7.19091889671 4.62273357645
3650 850 1.1569788967 2.31395779341 4.62791558682 9.25583117364 13.8837467605 6.94187338023
3950 950 2.14998280014 4.29996560028 8.59993120055 17.1998624011 25.7997936017 10.7499140007
3050 900 0.773963855888 1.16094578383 1.93490963972 3.4828373515 6.1917108471 4.25680120738
3000 850 0.674217907228 1.01132686084 1.68554476807 3.03398058252 5.39374325782 4.04530744337
3600 1000 1.16502592183 2.33005184365 4.66010368731 9.32020737461 15.1453369837 8.15518145279
3000 950 0.736349913479 1.10452487022 2.20904974044 3.68174956739 6.25897426457 4.78627443761
3150 1000 1.01724225624 1.52586338436 2.54310564061 4.57759015309 7.62931692182 5.08621128122
3250 850 1.08648413733 1.629726206 2.71621034333 4.34593654933 7.60538896132 4.34593654933
3500 950 0.934492103542 1.86898420708 3.73796841417 7.47593682833 12.148397346 5.60695262125
3100 850 0.816326530612 1.22448979592 2.04081632653 3.67346938776 6.12244897959 4.08163265306
3300 850 1.19460040616 1.79190060925 2.38920081233 4.77840162466 8.36220284315 4.18110142157
3150 900 0.934885242836 1.40232786425 2.33721310709 4.20698359276 7.01163932127 4.20698359276
3950 850 2.02511138113 4.05022276225 8.1004455245 16.200891049 24.3013365735 10.1255569056
2850 900 0.795144318694 1.06019242493 1.59028863739 2.91552916854 4.77086591216 3.97572159347
3150 950 0.974326496809 1.46148974521 2.43581624202 4.38446923564 7.30744872607 4.87163248405
3550 950 1.02490519627 2.04981039254 4.09962078508 8.19924157015 13.3237675515 5.12452598135
3100 900 0.850484776323 1.27572716448 2.12621194081 3.82718149345 6.37863582242 4.25242388161
3250 900 1.12822248547 1.69233372821 2.82055621369 4.5128899419 7.89755739832 4.5128899419
3700 850 1.27059959595 2.5411991919 5.0823983838 10.1647967676 15.2471951514 6.35299797975
3650 900 1.19400133728 2.38800267456 4.77600534913 9.55201069825 14.3280160474 5.97000668641
3500 1000 0.969180073658 1.93836014732 3.87672029463 7.75344058926 12.5993409575 5.81508044195
1500 800 0.544249421735 0.738624215212 1.06906136412 1.59387330651 2.29362256303 1.12737380217
3800 900 1.58005340581 3.16010681161 6.32021362322 12.6404272464 18.9606408697 7.90026702903
1550 800 0.519664089133 0.706743161221 0.997755051135 1.4966325767 2.16180261079 1.0809013054
3200 950 1.06946152612 1.60419228918 2.6736538153 4.81257686755 8.02096144591 4.81257686755
3400 850 0.721917412648 1.4438348253 2.88766965059 5.77533930118 9.38492636442 4.33150447589
3450 950 0.851426138782 1.70285227756 3.40570455513 6.81140911026 11.0685398042 5.10855683269
3650 1000 1.27694350802 2.55388701604 5.10777403208 10.2155480642 16.6002656042 6.3847175401
2900 850 0.556730876294 0.835096314442 1.67019262888 2.78365438147 4.7322124485 3.89711613406
3750 850 1.3954007591 2.7908015182 5.58160303639 11.1632060728 16.7448091092 6.97700379549
2950 1000 0.703061834288 1.40612366858 2.10918550286 3.51530917144 6.32755650859 4.92143284002
3850 850 1.68103955486 3.36207910972 6.72415821944 13.4483164389 20.1724746583 8.4051977743
3800 850 1.53205049638 3.06410099277 6.12820198554 12.2564039711 18.3846059566 7.66025248192
1600 450 0.107864287115 0.147087664248 0.21572857423 0.333398705629 0.49029221416 0.254951951363
3250 1000 1.22197103929 1.83295655893 3.05492759822 5.49886967679 9.16478279465 5.49886967679
3400 900 1.4959982048 1.4959982048 2.9919964096 5.98399281921 9.72398833121 4.48799461441
4000 850 2.2216791451 4.4433582902 8.88671658039 17.7734331608 28.8818288863 11.1083957255
3350 850 1.31362889984 1.31362889984 2.62725779967 5.25451559934 8.53858784893 3.94088669951
1800 600 0.192241968558 0.256322624744 0.384483937116 0.598086124402 0.918489405332 0.512645249487
1350 450 0.0930424894035 0.129225679727 0.186084978807 0.27912746821 0.403184120748 0.196423033185
3850 900 1.73379336651 3.46758673301 6.93517346603 13.8703469321 20.8055203981 8.66896683253
1350 350 0.0455269747325 0.0625995902572 0.0882085135443 0.133735488277 0.196335078534 0.0995902572274
1700 500 0.14064697609 0.182841068917 0.28129395218 0.42194092827 0.646976090014 0.337552742616
450 300 1.43400138217 1.96129923981 2.82446440912 4.14167242571 5.82653766413 2.74913614375
500 300 0.548594847775 0.748536299766 1.07640515222 1.57816159251 2.22043325527 1.0231264637
500 325 1.03766578249 1.42175066313 2.05145888594 3.00848806366 4.23236074271 1.94376657825
500 350 3.39827586207 4.63793103448 6.66724137931 9.75 13.7379310345 6.51724137931
550 300 0.352283317801 0.478797763281 0.685927306617 0.995107176142 1.39142590867 0.709692451072
550 325 0.546237984753 0.742127941664 1.06330792178 1.55087835598 2.17500828638 1.05899900563
550 350 1.20867768595 1.64876033058 2.37052341598 3.47658402204 4.86157024793 2.30165289256
2100 800 0.387296669249 0.553280956069 0.774593338497 1.27254619896 1.93648334624 1.65984286821
2100 1000 0.704115161946 1.01705523392 1.48646534189 2.26881552183 3.44234079174 2.5817555938
2200 800 0.327296669249 0.503280956069 0.714593338497 1.21254619896 1.87648334624 1.60084286821
2200 950 0.591565959604 0.845094228006 1.18313191921 1.94371672441 2.95782979802 2.53528268402
2200 1000 0.644567219153 0.920810313076 1.47329650092 2.20994475138 3.40699815838 2.85451197053
2050 850 0.43625259025 0.599847311593 0.8725051805 1.36328934453 2.07219980369 1.63594721344
2100 850 0.418960976778 0.598515681111 0.897773521666 1.37658606655 2.154656452 1.7955470433
2150 850 0.460253797094 0.591754881978 0.920507594188 1.44651193372 2.23551844303 1.90676573082
2200 850 0.358960976778 0.538515681111 0.837773521666 1.32658606655 2.084656452 1.7355470433
2250 850 0.477364945501 0.636486594001 0.954729891002 1.51165566075 2.30726390325 2.227703079
2050 900 0.476928579945 0.715392869918 1.01347323238 1.60963395731 2.44425897222 1.84809824729
2100 900 0.521104742053 0.716519020323 1.02220948411 1.62845231892 2.47524752475 2.01928087546
2200 900 0.468018720749 0.702028081123 1.01404056162 1.63806552262 2.57410296412 2.26209048362
2250 900 0.513478818999 0.684638425332 1.026957638 1.71159606333 2.65297389816 2.39623448866
