10 1   .3478000 .4625000 .6475000 .9081000 1.2355000 .8142000
50 1   .3981000 .5308000 .7412000 1.0455000 1.4279000 .9488000
100 1   .3515000 .4705000 .6592000 .9351000 1.2734000 .8699000
200 1   .3194000 .4259000 .5947000 .8389000 1.1457000 .7532000
300 1   .2835000 .3795000 .5317000 .7501000 1.0243000 .6948000
500 1   .1685000 .2252000 .3149000 .4493000 .6141000 .4121000
800 1   .0339000 .0453000 .0635000 .0896000 .1224000 .0809000
1000 1   .0400000 .0536000 .0751000 .1065000 .1469000 .0956000
1100 1   .0444000 .0597000 .0839000 .1196000 .1646000 .1076000
1200 1   .0494000 .0661000 .0934000 .1332000 .1833000 .1220000
1900 1   .0073000 .0098000 .0141000 .0205000 .0289000 .0199000
2000 1   .0086000 .0117000 .0168000 .0244000 .0345000 .0239000
200 1   .2830000 .3781000 .5288000 .7480000 1.0201000 .6324000
10 1   .3108000 .4144000 .5786000 .8162000 1.1073000 .6972000
10 1   .2966000 .3955000 .5522000 .7790000 1.0498000 .7090000
<<<<<<< HEAD
10 1   .7412000 1.0236000 1.4941000 2.2267000 3.2131000 1.4015000
10 1   1.0404000 1.4205000 2.0332000 2.9652000 4.1592000 2.5476000
10 1   .7412000 1.0236000 1.4941000 2.2267000 3.2131000 1.4015000
10 1   1.0404000 1.4205000 2.0332000 2.9652000 4.1592000 2.5476000
10 1   1.1118000 1.5035000 2.1562000 3.1275000 4.3733000 2.6563000
=======
10 1        
10 1        
10 1   .7383000 1.0188000 1.4941000 2.2267000 3.2131000 1.3986000
>>>>>>> 007263bc70f411ed65c39e8112601a024b5667bb
10 1   .3474000 .4635000 .6445000 .9092000 1.2334000 .8141000
10 1   .3127000 .4151000 .5801000 .8182000 1.1101000 .6971000
10 1   .2977000 .3951000 .5522000 .7790000 1.0533000 .7092000
10 1   1.1118000 1.5035000 2.1562000 3.1275000 4.3733000 2.6563000
10 1   1.0275000 1.3782000 1.9629000 2.8314000 3.9221000 2.5196000
10 1   .7412000 1.0236000 1.4941000 2.2267000 3.2131000 1.4015000
10 1   .2866000 .3824000 .5317000 .7479000 1.0093000 .7154000
10 1   .2866000 .3824000 .5317000 .7479000 1.0093000 .7154000
