600 300 0.548004501775 0.739546359623 1.04298329149 1.49619080599 2.07882434421 1.48753354688
800 300 0.218588821445 0.29928774429 0.43542331848 0.642082733939 0.916809936493 0.494719483527
1000 300 0.22019587977 0.303275920297 0.443093549477 0.663289429247 0.954407294833 0.464707868963
1200 300 0.494402746113 0.675000640418 0.970873786408 1.42428977637 2.00322770705 1.03747726516
1400 300 1.17470866289 1.58421865494 2.25347498479 3.25033930828 4.50226985538 2.18795338606
1700 300 4.72130793719 6.36162520909 9.04872389791 13.0523930287 18.1945718448 8.97318297092
2000 300 17.2614069324 23.2552736735 33.0940433045 47.4746770746 65.5375894434 32.1531456184
2500 300 108.598298253 147.148828183 208.277354829 298.775936707 415.099268548 203.9483505
450 300 4.27643400138 5.7401520387 8.13890808569 11.6102280581 16.0760193504 11.4768486524
500 300 1.75673302108 2.34865339578 3.31908665105 4.73477751756 6.5556206089 4.86797423888
550 300 0.849953401678 1.14095992544 1.61766076421 2.30778191985 3.19524697111 2.34063373719
