1000 600 .0288000 .0388000 .0547000 .0790000 .1108000 .0652000
800 500 .0797000 .1072000 .1516000 .2163000 .2975000 .1866000
800 700 .1103000 .1493000 .2131000 .3057000 .4248000 .2338000
800 600 .0804000 .1085000 .1531000 .2208000 .3059000 .1784000
1000 700 .0391000 .0524000 .0743000 .1072000 .1495000 .0908000
800 800 .1092000 .1472000 .2095000 .3022000 .4186000 .2346000
1000 500 .0117000 .0158000 .0226000 .0330000 .0468000 .0261000
800 300 .0343000 .0462000 .0657000 .0948000 .1322000 .0737000
2000 700 .0007000 .0010000 .0015000 .0023000 .0035000 .0029000
1200 700 .0070000 .0095000 .0136000 .0199000 .0285000 .0161000
1000 400 .0058000 .0078000 .0111000 .0163000 .0232000 .0134000
800 400 .0607000 .0818000 .1165000 .1680000 .2327000 .1326000
2000 400 .0005000 .0008000 .0012000 .0019000 .0029000 .0027000
1700 300 .0008000 .0011000 .0016000 .0025000 .0038000 .0022000
2000 600 .0006000 .0009000 .0014000 .0021000 .0033000 .0029000
1400 300 .0013000 .0018000 .0027000 .0041000 .0060000 .0032000
1200 500 .0030000 .0041000 .0058000 .0086000 .0124000 .0065000
1200 400 .0024000 .0032000 .0047000 .0069000 .0100000 .0048000
1400 700 .0026000 .0036000 .0051000 .0076000 .0111000 .0054000
1400 500 .0017000 .0024000 .0034000 .0051000 .0075000 .0038000
1700 500 .0010000 .0013000 .0020000 .0030000 .0045000 .0025000
1200 300 .0020000 .0027000 .0039000 .0057000 .0083000 .0038000
2000 300 .0005000 .0007000 .0011000 .0018000 .0028000 .0027000
1400 400 .0015000 .0021000 .0030000 .0045000 .0066000 .0035000
1000 300 .0039000 .0052000 .0075000 .0110000 .0157000 .0088000
