10 1 .2358000 .3163000 .4438000 .6261000 .8494000 .6145000
20 1      
500 1 .1472000 .1971000 .2761000 .3895000 .5284000 .3830000
50 1 .2638000 .3538000 .4966000 .7005000 .9503000 .7104000
300 1 .2117000 .2841000 .3970000 .5631000 .7619000 .5645000
10 1 .2358000 .3163000 .4438000 .6261000 .8494000 .6145000
1000 1 .0384000 .0514000 .0720000 .1021000 .1399000 .0932000
200 1 .2266000 .3027000 .4233000 .6005000 .8125000 .5864000
100 1 .2380000 .3199000 .4497000 .6343000 .8663000 .6476000
2000 1 .0086000 .0117000 .0167000 .0244000 .0344000 .0237000
200 1 .2281000 .3047000 .4263000 .6013000 .8157000 .5869000
10 1      
800 1 .0332000 .0444000 .0621000 .0876000 .1188000 .0819000
100 1 .2380000 .3199000 .4497000 .6343000 .8606000 .6474000
1200 1 .0456000 .0612000 .0861000 .1221000 .1673000 .1172000
1900 1 .0072000 .0098000 .0140000 .0204000 .0287000 .0201000
2000 1 .0086000 .0116000 .0166000 .0242000 .0342000 .0237000
1000 1 .0384000 .0514000 .0720000 .1021000 .1390000 .0931000
1100 1 .0420000 .0562000 .0787000 .1117000 .1531000 .1057000
