600 300   .2532000 .3417000 .4819000 .6913000 .9605000 .6873000
800 300   .0623000 .0853000 .1241000 .1830000 .2613000 .1410000
1000 300   .0326000 .0449000 .0656000 .0982000 .1413000 .0688000
1200 300   .0386000 .0527000 .0758000 .1112000 .1564000 .0810000
1400 300   .0502000 .0677000 .0963000 .1389000 .1924000 .0935000
1700 300   .0875000 .1179000 .1677000 .2419000 .3372000 .1663000
2000 300   .1486000 .2002000 .2849000 .4087000 .5642000 .2768000
2500 300   .2910000 .3943000 .5581000 .8006000 1.1123000 .5465000
450 300   .6188000 .8306000 1.1777000 1.6800000 2.3262000 1.6607000
500 300   .6001000 .8023000 1.1338000 1.6174000 2.2394000 1.6629000
550 300   .3648000 .4897000 .6943000 .9905000 1.3714000 1.0046000
combocards/MB 2HDM        
combocards/MB 2HDM        
