1000 1
1000 100
1000 1000
1000 125
1000 15
1000 150
1000 225
1000 25
1000 275
1000 30
1000 300
1000 325
1000 350
1000 40
1000 45
1000 450
1000 475
1000 5
1000 50
1000 525
1000 550
1000 575
1000 60
1000 600
1000 625
1000 70
1000 700
1000 725
1000 750
1000 775
1000 80
1000 825
1000 850
1000 875
1000 90
1000 900
1000 975
100 1
100 10
100 1000
100 125
100 15
100 150
100 175
100 20
100 200
100 225
100 25
100 250
100 275
100 30
100 300
100 325
100 35
100 350
100 375
100 425
100 450
100 5
100 500
100 525
100 60
100 600
100 625
100 650
100 675
100 70
100 700
100 750
100 775
100 80
100 800
100 825
100 850
100 875
100 90
100 900
100 925
100 975
10 1
10 10
10 100
10 1000
10 125
10 15
10 150
10 175
10 200
10 225
10 25
10 250
10 30
10 300
10 325
10 35
10 350
10 40
10 400
10 45
10 450
10 475
10 50
10 500
10 525
10 550
10 575
10 60
10 600
10 625
10 675
10 700
10 775
10 80
10 800
10 825
10 850
10 900
10 950
10 975
1100 1
1100 10
1100 15
1100 20
1100 200
1100 225
1100 25
1100 275
1100 300
1100 400
1100 45
1100 475
1100 5
1100 50
1100 525
1100 575
1100 600
1100 625
1100 650
1100 675
1100 70
1100 700
1100 725
1100 750
1100 775
1100 800
1100 825
1100 850
1100 875
1100 90
1100 925
1100 950
1100 975
1200 1
1200 10
1200 125
1200 15
1200 150
1200 175
1200 20
1200 200
1200 225
1200 25
1200 250
1200 275
1200 30
1200 300
1200 325
1200 35
1200 350
1200 375
1200 40
1200 400
1200 425
1200 45
1200 450
1200 475
1200 5
1200 50
1200 500
1200 550
1200 575
1200 60
1200 625
1200 650
1200 675
1200 70
1200 700
1200 725
1200 750
1200 775
1200 80
1200 825
1200 850
1200 875
1200 90
1200 900
1200 925
1200 950
1200 975
1300 1
1300 100
1300 1000
1300 125
1300 150
1300 175
1300 20
1300 225
1300 25
1300 275
1300 30
1300 300
1300 35
1300 350
1300 375
1300 40
1300 400
1300 425
1300 45
1300 450
1300 5
1300 50
1300 500
1300 525
1300 550
1300 575
1300 60
1300 625
1300 675
1300 70
1300 700
1300 725
1300 750
1300 775
1300 80
1300 800
1300 850
1300 875
1300 975
1400 1
1400 10
1400 100
1400 1000
1400 125
1400 15
1400 150
1400 200
1400 225
1400 25
1400 250
1400 275
1400 30
1400 300
1400 325
1400 35
1400 375
1400 40
1400 400
1400 425
1400 45
1400 450
1400 5
1400 500
1400 525
1400 550
1400 575
1400 60
1400 625
1400 650
1400 675
1400 70
1400 725
1400 750
1400 775
1400 80
1400 800
1400 875
1400 90
1400 900
1400 925
1400 950
1400 975
1500 1
1500 10
1500 100
1500 125
1500 175
1500 20
1500 200
1500 225
1500 25
1500 250
1500 275
1500 30
1500 300
1500 35
1500 400
1500 425
1500 45
1500 5
1500 50
1500 500
1500 60
1500 600
1500 650
1500 675
1500 70
1500 700
1500 725
1500 80
1500 800
1500 825
1500 850
1500 875
1500 90
1500 950
1500 975
150 1
150 10
150 100
150 1000
150 125
150 15
150 150
150 200
150 225
150 25
150 250
150 30
150 300
150 325
150 35
150 350
150 375
150 40
150 400
150 425
150 45
150 450
150 475
150 5
150 50
150 500
150 525
150 550
150 575
150 60
150 600
150 625
150 650
150 675
150 70
150 700
150 725
150 750
150 825
150 850
150 875
150 90
150 900
150 925
150 950
1600 1000
1600 125
1600 150
1600 175
1600 20
1600 200
1600 225
1600 25
1600 250
1600 30
1600 300
1600 325
1600 35
1600 350
1600 375
1600 400
1600 425
1600 5
1600 50
1600 500
1600 575
1600 600
1600 650
1600 675
1600 70
1600 750
1600 775
1600 825
1600 850
1600 875
1600 90
1600 900
1600 925
1600 950
1600 975
1700 1
1700 10
1700 100
1700 1000
1700 125
1700 15
1700 150
1700 20
1700 200
1700 225
1700 25
1700 250
1700 275
1700 30
1700 300
1700 325
1700 35
1700 350
1700 375
1700 40
1700 400
1700 425
1700 450
1700 475
1700 5
1700 50
1700 525
1700 550
1700 60
1700 600
1700 625
1700 650
1700 675
1700 700
1700 725
1700 775
1700 80
1700 800
1700 875
1700 90
1700 900
1700 925
1700 950
1700 975
1800 1
1800 10
1800 100
1800 1000
1800 125
1800 150
1800 175
1800 20
1800 200
1800 225
1800 25
1800 250
1800 275
1800 30
1800 325
1800 35
1800 350
1800 375
1800 40
1800 400
1800 425
1800 45
1800 450
1800 475
1800 5
1800 50
1800 500
1800 525
1800 550
1800 575
1800 60
1800 600
1800 625
1800 650
1800 675
1800 70
1800 700
1800 725
1800 750
1800 775
1800 850
1800 875
1800 90
1800 925
1800 950
1800 975
1900 1
1900 100
1900 1000
1900 125
1900 150
1900 175
1900 20
1900 200
1900 225
1900 25
1900 250
1900 275
1900 30
1900 300
1900 325
1900 35
1900 350
1900 375
1900 40
1900 400
1900 425
1900 45
1900 450
1900 475
1900 5
1900 50
1900 500
1900 525
1900 550
1900 575
1900 60
1900 600
1900 625
1900 650
1900 675
1900 70
1900 700
1900 725
1900 750
1900 775
1900 80
1900 800
1900 825
1900 875
1900 90
1900 900
1900 925
1900 975
2000 1
2000 100
2000 125
2000 15
2000 175
2000 20
2000 200
2000 225
2000 25
2000 250
2000 300
2000 35
2000 350
2000 375
2000 40
2000 400
2000 425
2000 45
2000 450
2000 475
2000 50
2000 500
2000 525
2000 550
2000 575
2000 700
2000 750
2000 775
2000 80
2000 800
2000 90
2000 900
2000 925
2000 950
2000 975
200 1
200 1000
200 125
200 15
200 150
200 175
200 20
200 200
200 25
200 250
200 275
200 300
200 325
200 375
200 40
200 400
200 425
200 45
200 450
200 5
200 50
200 525
200 650
200 675
200 700
200 750
200 80
200 800
200 825
200 850
200 875
200 90
200 900
200 925
200 950
20 100
20 1000
20 125
20 150
20 175
20 250
20 300
20 375
20 400
20 425
20 450
20 475
20 50
20 500
20 525
20 550
20 575
20 600
20 625
20 650
20 675
20 70
20 725
20 750
20 775
20 80
20 800
20 825
20 875
20 90
20 950
20 975
2500 1
2500 10
2500 100
2500 1000
2500 125
2500 15
2500 150
2500 175
2500 200
2500 225
2500 25
2500 250
2500 275
2500 30
2500 300
2500 325
2500 425
2500 450
2500 475
2500 5
2500 500
2500 525
2500 550
2500 575
2500 600
2500 625
2500 650
2500 675
2500 700
2500 725
2500 775
2500 80
2500 800
2500 90
2500 950
2500 975
250 1
250 10
250 100
250 1000
250 15
250 150
250 175
250 20
250 200
250 225
250 25
250 250
250 275
250 300
250 325
250 350
250 375
250 40
250 400
250 425
250 45
250 450
250 5
250 50
250 500
250 525
250 550
250 575
250 60
250 600
250 625
250 650
250 675
250 70
250 725
250 750
250 775
250 80
250 800
250 825
250 850
250 90
250 900
250 925
250 975
300 1
300 10
300 100
300 1000
300 125
300 175
300 20
300 200
300 225
300 25
300 250
300 275
300 30
300 300
300 325
300 35
300 350
300 375
300 40
300 425
300 45
300 475
300 5
300 50
300 500
300 525
300 550
300 575
300 60
300 625
300 675
300 70
300 700
300 775
300 80
300 800
300 825
300 850
300 875
300 90
300 925
300 950
30 125
30 20
30 25
30 250
30 275
30 300
30 350
30 375
30 40
30 400
30 45
30 450
30 475
30 500
30 525
30 575
30 60
30 600
30 650
30 675
30 70
30 725
30 750
30 775
30 80
30 800
30 825
30 850
30 875
30 90
30 900
350 1
350 100
350 1000
350 15
350 20
350 25
350 30
350 35
350 350
350 375
350 40
350 45
350 450
350 475
350 5
350 525
350 550
350 60
350 625
350 650
350 675
350 70
350 700
350 725
350 825
350 850
350 875
350 900
350 925
350 950
400 1
400 125
400 20
400 225
400 30
400 300
400 325
400 35
400 375
400 40
400 400
400 45
400 450
400 5
400 50
400 500
400 575
400 60
400 600
400 625
400 70
400 700
400 725
400 750
400 775
400 800
400 850
400 875
400 900
400 925
400 950
400 975
40 10
40 100
40 1000
40 125
40 175
40 200
40 225
40 25
40 250
40 30
40 300
40 325
40 350
40 375
40 40
40 400
40 425
40 45
40 5
40 50
40 525
40 575
40 60
40 625
40 650
40 675
40 70
40 725
40 80
40 800
40 850
40 875
40 90
40 900
40 925
40 950
40 975
450 1
450 125
450 175
450 200
450 25
450 250
450 275
450 35
450 350
450 375
450 400
450 45
450 475
450 5
450 50
450 500
450 525
450 550
450 575
450 60
450 650
450 70
450 775
450 80
450 800
450 825
450 850
450 875
450 90
450 900
450 950
450 975
500 1
500 100
500 1000
500 125
500 150
500 20
500 200
500 225
500 25
500 300
500 35
500 350
500 375
500 40
500 400
500 425
500 45
500 450
500 5
500 50
500 500
500 525
500 550
500 575
500 600
500 625
500 675
500 700
500 725
500 750
500 80
500 825
500 850
500 875
500 90
500 950
500 975
50 1
50 10
50 15
50 150
50 175
50 200
50 225
50 275
50 30
50 350
50 375
50 40
50 425
50 45
50 450
50 5
50 50
50 550
50 60
50 600
50 650
50 675
50 70
50 700
50 750
50 80
50 800
50 850
50 875
50 90
50 975
550 1
550 100
550 1000
550 125
550 15
550 150
550 20
550 225
550 25
550 250
550 30
550 325
550 40
550 400
550 425
550 45
550 450
550 5
550 50
550 500
550 525
550 550
550 575
550 60
550 600
550 625
550 650
550 675
550 70
550 700
550 725
550 750
550 775
550 80
550 800
550 825
550 850
550 875
550 90
550 900
550 925
550 950
550 975
600 1
600 10
600 1000
600 125
600 15
600 175
600 20
600 200
600 225
600 25
600 250
600 275
600 30
600 325
600 375
600 400
600 425
600 45
600 450
600 475
600 5
600 50
600 525
600 550
600 60
600 675
600 700
600 750
600 775
600 80
600 800
600 825
600 900
600 925
600 975
650 1
650 10
650 100
650 1000
650 125
650 15
650 150
650 175
650 20
650 200
650 25
650 250
650 30
650 300
650 350
650 375
650 400
650 425
650 45
650 475
650 5
650 50
650 525
650 575
650 60
650 600
650 650
650 675
650 700
650 725
650 775
650 80
650 800
650 825
650 875
650 900
650 925
650 950
650 975
700 1
700 10
700 100
700 150
700 175
700 20
700 225
700 25
700 250
700 275
700 30
700 300
700 35
700 375
700 40
700 400
700 425
700 45
700 450
700 475
700 500
700 525
700 60
700 600
700 650
700 70
700 700
700 725
700 750
700 80
700 825
700 875
700 90
700 900
700 925
700 950
750 1
750 100
750 1000
750 15
750 150
750 20
750 225
750 250
750 275
750 30
750 300
750 325
750 35
750 350
750 40
750 400
750 425
750 45
750 450
750 475
750 5
750 50
750 500
750 525
750 550
750 575
750 60
750 600
750 625
750 650
750 675
750 70
750 725
750 80
750 825
750 850
750 90
750 900
750 925
750 950
75 10
75 1000
75 15
75 150
75 20
75 225
75 25
75 250
75 30
75 300
75 325
75 35
75 350
75 40
75 400
75 45
75 450
75 475
75 50
75 60
75 650
75 675
75 70
75 700
75 725
75 775
75 80
75 800
75 90
75 925
75 950
75 975
800 1
800 10
800 1000
800 15
800 150
800 175
800 20
800 200
800 225
800 250
800 275
800 30
800 300
800 325
800 35
800 350
800 375
800 45
800 450
800 475
800 50
800 525
800 550
800 575
800 60
800 600
800 625
800 650
800 675
800 70
800 700
800 725
800 750
800 775
800 80
800 800
800 825
800 850
800 900
800 925
800 950
800 975
850 10
850 100
850 1000
850 125
850 15
850 20
850 200
850 25
850 250
850 275
850 300
850 325
850 35
850 375
850 40
850 400
850 450
850 475
850 5
850 50
850 500
850 525
850 550
850 60
850 600
850 625
850 650
850 675
850 700
850 775
850 80
850 800
850 850
850 875
850 90
850 925
850 950
850 975
900 10
900 100
900 1000
900 15
900 150
900 175
900 20
900 200
900 225
900 25
900 250
900 275
900 325
900 35
900 40
900 400
900 45
900 5
900 50
900 500
900 525
900 550
900 60
900 600
900 625
900 650
900 70
900 700
900 725
900 775
900 800
900 825
900 850
900 875
900 90
900 900
900 925
900 950
900 975
950 10
950 100
950 1000
950 150
950 175
950 20
950 200
950 225
950 275
950 300
950 325
950 35
950 350
950 375
950 400
950 45
950 450
950 5
950 50
950 525
950 550
950 575
950 60
950 600
950 625
950 675
950 70
950 700
950 775
950 80
950 90
950 900
950 925
950 950
