1100 1   .1562000 .2130000 .3076000 .4523000 .6429000 .3708000
800 1   .2062000 .2788000 .3999000 .5832000 .8181000 .5037000
200 1   .8493000 1.1500000 1.6348000 2.3711000 3.3156000 2.0889000
10 1   1.0275000 1.3782000 1.9629000 2.8314000 3.9221000 2.5196000
300 1   .8036000 1.0882000 1.5469000 2.2375000 3.1142000 2.0394000
100 1   1.1593000 1.5634000 2.2148000 3.1771000 4.4141000 2.9628000
2000 1   .0815000 .1104000 .1604000 .2352000 .3339000 .1783000
1200 1   .1495000 .2039000 .2944000 .4341000 .6161000 .3521000
500 1   .5546000 .7449000 1.0518000 1.5087000 2.0895000 1.3510000
50 1   1.3472000 1.8094000 2.5547000 3.6545000 5.0526000 3.6542000
1000 1   .1525000 .2079000 .3003000 .4427000 .6283000 .3595000
1900 1   .0904000 .1232000 .1780000 .2610000 .3704000 .2027000
