10 1 .2874000 .3815000 .5332000 .7479000 1.0140000 .7107000
50 1 .3269000 .4339000 .6064000 .8554000 1.1605000 .8358000
100 1 .2932000 .3907000 .5479000 .7728000 1.0484000 .7590000
200 1 .2630000 .3490000 .4878000 .6861000 .9290000 .6438000
300 1 .2360000 .3160000 .4409000 .6219000 .8438000 .6040000
500 1 .1504000 .1997000 .2791000 .3936000 .5340000 .3817000
800 1 .0336000 .0445000 .0623000 .0878000 .1191000 .0825000
1000 1 .0384000 .0514000 .0718000 .1018000 .1387000 .0940000
1100 1 .0423000 .0564000 .0791000 .1122000 .1538000 .1051000
1200 1 .0459000 .0614000 .0864000 .1226000 .1681000 .1169000
1900 1 .0074000 .0099000 .0141000 .0204000 .0288000 .0203000
2000 1 .0087000 .0118000 .0167000 .0244000 .0344000 .0240000
