10 1   .3474000 .4635000 .6445000 .9092000 1.2334000 .8141000
100 1   .3543000 .4722000 .6621000 .9366000 1.2773000 .8722000
50 1   .3996000 .5330000 .7412000 1.0485000 1.4299000 .9487000
200 1   .3206000 .4255000 .5947000 .8389000 1.1419000 .7532000
300 1   .2838000 .3781000 .5303000 .7522000 1.0244000 .6948000
500 1   .1681000 .2260000 .3164000 .4488000 .6133000 .4122000
1000 1   .0403000 .0539000 .0758000 .1072000 .1472000 .0957000
800 1   .0643000 .0857000 .1201000 .1694000 .2314000 .1529000
1100 1   .0329000 .0440000 .0619000 .0880000 .1213000 .0793000
1200 1   .0271000 .0364000 .0515000 .0734000 .1010000 .0672000
1900 1   .0093000 .0126000 .0180000 .0262000 .0370000 .0255000
2000 1   .0087000 .0117000 .0168000 .0246000 .0348000 .0239000
