10 1 0.133885627534 0.17862978803 0.248385972785 0.350399575571 0.475344078871 0.313748674079
50 1 0.122000366367 0.162728216401 0.226292971851 0.320113573915 0.436557367039 0.289644012945
100 1 0.110978856695 0.147909162099 0.207392325764 0.293375097886 0.400093970243 0.273202819107
200 1 0.125214810186 0.166184971098 0.232268395563 0.327644118107 0.445985002343 0.294172785502
300 1 0.125143310698 0.166725460799 0.233838962872 0.331687097628 0.451715318811 0.306376223653
500 1 0.153250068375 0.206035190081 0.288449266114 0.409153067736 0.559121159632 0.375786306865
800 1 0.168280554829 0.224286835907 0.314315624182 0.443339439937 0.605600628108 0.400157026956
1000 1 0.200497512438 0.26815920398 0.377114427861 0.533333333333 0.732338308458 0.476119402985
1100 1 0.220820189274 0.29532183368 0.415464125109 0.59064366736 0.814148600577 0.53225048661
1200 1 0.243573611361 0.327161603451 0.462879741147 0.659715980586 0.907783570016 0.603990652526
1900 1 0.522061300101 0.707308858201 1.010441226 1.47075334007 2.07701807567 1.4314584035
2000 1 0.620985010707 0.835117773019 1.19914346895 1.75588865096 2.48394004283 1.70592433976
