10 1 0.110762030377 0.147027538584 0.20549170006 0.28823563855 0.390788791937 0.273899008313
50 1 0.0998046040178 0.132472369787 0.185137693106 0.261158942419 0.354307870794 0.255174940465
100 1 0.0918402505873 0.122380579483 0.171620986688 0.242067345341 0.32839467502 0.237744714174
200 1 0.102718325262 0.136306827058 0.190517106702 0.267965942821 0.362833932198 0.251445086705
300 1 0.104065614252 0.139342093659 0.194417497134 0.274230531793 0.372078666549 0.266337419526
500 1 0.137113684019 0.182058528581 0.254444343149 0.358829428389 0.486826511077 0.347980672805
800 1 0.0879350955247 0.116461659252 0.163046322952 0.229782779377 0.311698508244 0.215912064904
1000 1 0.191044776119 0.255721393035 0.357213930348 0.506467661692 0.690049751244 0.467661691542
1100 1 0.283911671924 0.378548895899 0.530908114639 0.753070675884 1.03228404591 0.705416470904
1200 1 0.41254718677 0.551860506921 0.77655941039 1.10192342261 1.51087542693 1.05069207262
1900 1 0.415403615134 0.555742674301 0.791512293702 1.1451667228 1.6167059616 1.13955316044
2000 1 0.620985010707 0.842255531763 1.19200571021 1.74161313348 2.45538900785 1.7130620985
