10 1 0.0908757368233 0.121899896341 0.171037540298 0.241294736323 0.327353057072 0.236824174207
50 1 0.0805397814007 0.108017341393 0.151615069915 0.21386700861 0.2901325029 0.216889540209
100 1 0.0745497259201 0.100203602193 0.140861393892 0.198684416601 0.271354737666 0.202850430697
200 1 0.0885017965943 0.118223715045 0.165325730355 0.234533666615 0.317333229183 0.229026714576
300 1 0.0933503836317 0.125275597495 0.175059529059 0.248302319429 0.335964370756 0.248919657818
500 1 0.134196371593 0.179688212234 0.25170936275 0.355091621843 0.481721214331 0.349165830978
800 1 0.0868882491494 0.116199947658 0.162522899764 0.229259356189 0.310913373462 0.214341795342
1000 1 0.191044776119 0.255721393035 0.358208955224 0.507960199005 0.696019900498 0.46368159204
1100 1 0.281898113967 0.377206523928 0.528223370696 0.749714745956 1.02758574401 0.709443586818
1200 1 0.409850799928 0.550062915693 0.773863023548 1.09742944454 1.50368506202 1.05338845946
1900 1 0.404176490401 0.550129111934 0.785898731335 1.1451667228 1.61109239924 1.1283260357
2000 1 0.613847251963 0.827980014276 1.18486795146 1.72733761599 2.44111349036 1.69164882227
