400 100   .2272000 .3040000 .4277000 .6085000 .8329000 .4907000
1995 1000   .0101000 .0136000 .0195000 .0286000 .0405000 .0281000
600 100   .1837000 .2457000 .3457000 .4904000 .6722000 .4123000
700 70   .1729000 .2295000 .3208000 .4525000 .6139000 .4339000
450 35   .1419000 .1891000 .2651000 .3740000 .5108000 .3593000
450 90   .1000000 .1345000 .1882000 .2685000 .3670000 .2560000
1100 225   .0480000 .0640000 .0897000 .1269000 .1731000 .1186000
600 25   .1623000 .2162000 .3032000 .4265000 .5794000 .4187000
250 20   .0054000 .0072000 .0100000 .0142000 .0195000 .0132000
250 150   .2323000 .3133000 .4438000 .6367000 .8790000 .5628000
700 80   .1693000 .2256000 .3164000 .4463000 .6055000 .4250000
600 50   .2444000 .3269000 .4600000 .6525000 .8886000 .6223000
200 150   .0564000 .0759000 .1062000 .1507000 .2065000 .1438000
600 80   .1591000 .2121000 .2974000 .4206000 .5736000 .4097000
450 60   .1372000 .1828000 .2563000 .3626000 .4945000 .3446000
250 175   .2170000 .2926000 .4146000 .5963000 .8273000 .5006000
250 40   .0054000 .0072000 .0100000 .0141000 .0194000 .0131000
600 10   .3013000 .4046000 .5713000 .8149000 1.1212000 .7480000
600 45   .1533000 .2042000 .2864000 .4040000 .5480000 .3960000
1200 350   .0663000 .0892000 .1249000 .1771000 .2428000 .1692000
800 125   .0009000 .0013000 .0018000 .0026000 .0036000 .0025000
450 25   .1384000 .1844000 .2585000 .3647000 .4981000 .3552000
1100 575   .0947000 .1283000 .1824000 .2645000 .3676000 .1963000
1200 375   .0706000 .0950000 .1329000 .1886000 .2585000 .1797000
600 125   .1689000 .2271000 .3179000 .4496000 .6132000 .4194000
2000 175   .0087000 .0117000 .0167000 .0242000 .0341000 .0240000
600 60   .1603000 .2128000 .2974000 .4206000 .5699000 .4066000
2000 100   .0087000 .0117000 .0167000 .0242000 .0341000 .0240000
250 45   .0053000 .0070000 .0098000 .0138000 .0190000 .0128000
2000 575   .0367000 .0493000 .0696000 .0995000 .1376000 .0953000
600 30   .1619000 .2159000 .3003000 .4236000 .5747000 .4123000
2000 90   .0086000 .0115000 .0163000 .0238000 .0335000 .0236000
600 275   .1416000 .1895000 .2666000 .3782000 .5184000 .3407000
1200 325   .0657000 .0875000 .1227000 .1735000 .2367000 .1630000
1200 70   .0468000 .0624000 .0875000 .1245000 .1704000 .1182000
2000 900   .0354000 .0477000 .0676000 .0972000 .1348000 .0936000
700 150   .1211000 .1622000 .2263000 .3192000 .4345000 .2984000
450 70   .1450000 .1932000 .2710000 .3823000 .5203000 .3648000
1100 275   .0561000 .0747000 .1047000 .1482000 .2020000 .1402000
2000 50   .0086000 .0115000 .0163000 .0237000 .0333000 .0235000
2000 20   .0086000 .0115000 .0163000 .0237000 .0333000 .0235000
500 35   .1540000 .2053000 .2878000 .4060000 .5508000 .3928000
2000 15   .0086000 .0115000 .0163000 .0238000 .0334000 .0237000
1200 300   .0604000 .0804000 .1128000 .1596000 .2176000 .1500000
400 225   .2047000 .2772000 .3940000 .5715000 .7943000 .4408000
600 175   .1133000 .1517000 .2117000 .3003000 .4089000 .2762000
1200 60   .0465000 .0625000 .0875000 .1242000 .1702000 .1186000
1400 425        
700 90   .1670000 .2236000 .3120000 .4426000 .5988000 .4210000
95 50   .3301000 .4381000 .6123000 .8637000 1.1717000 .8389000
250 100   .0075000 .0100000 .0140000 .0198000 .0272000 .0183000
800 225   .0010000 .0014000 .0020000 .0028000 .0040000 .0028000
600 225   .1160000 .1559000 .2183000 .3087000 .4211000 .2834000
15 10   .3601000 .4779000 .6680000 .9395000 1.2764000 .9025000
300 50        
700 175   .1210000 .1619000 .2278000 .3222000 .4394000 .3010000
600 200   .1093000 .1470000 .2058000 .2919000 .3976000 .2709000
295 150   .1054000 .1405000 .1970000 .2795000 .3831000 .2660000
200 1   .2630000 .3490000 .4878000 .6861000 .9290000 .6438000
1995 1000   .0101000 .0136000 .0195000 .0286000 .0405000 .0281000
1100 600   .0906000 .1232000 .1758000 .2543000 .3550000 .1834000
995 500   .0210000 .0283000 .0401000 .0580000 .0812000 .0564000
1000 325   .0578000 .0773000 .1088000 .1552000 .2128000 .1495000
400 125   .1907000 .2564000 .3589000 .5091000 .6933000 .4724000
450 125   .1560000 .2079000 .2915000 .4112000 .5616000 .3898000
700 225   .1227000 .1635000 .2292000 .3252000 .4458000 .2992000
550 150   .1007000 .1349000 .1882000 .2670000 .3636000 .2475000
800 450   .0581000 .0783000 .1110000 .1592000 .2211000 .1538000
350 200   .3129000 .4314000 .6357000 .9525000 1.3777000 .5344000
2000 80   .0086000 .0116000 .0165000 .0239000 .0337000 .0237000
550 300   .2466000 .3420000 .5010000 .7506000 1.0857000 .4216000
350 150   .0102000 .0136000 .0191000 .0271000 .0374000 .0255000
500 300   .1737000 .2362000 .3369000 .4887000 .6833000 .3637000
900 525   .0800000 .1074000 .1516000 .2181000 .3006000 .1949000
350 125   .2194000 .2947000 .4160000 .5934000 .8112000 .4786000
900 100   .0097000 .0099000 .0102000 .0107000 .0115000 .0029000
800 375   .0020000 .0027000 .0038000 .0055000 .0077000 .0053000
800 325   .0014000 .0019000 .0027000 .0038000 .0054000 .0037000
1200 625   .0978000 .1323000 .1897000 .2759000 .3876000 .1837000
1200 1   .0459000 .0614000 .0864000 .1226000 .1681000 .1169000
450 45   .1548000 .2054000 .2871000 .4050000 .5494000 .3837000
1000 225   .0484000 .0645000 .0905000 .1280000 .1745000 .1213000
1300 425        
800 275   .0013000 .0017000 .0023000 .0034000 .0047000 .0032000
2000 975   .0529000 .0713000 .1011000 .1446000 .1999000 .1344000
900 400   .0019000 .0026000 .0037000 .0053000 .0075000 .0052000
1000 300   .0572000 .0765000 .1077000 .1532000 .2096000 .1476000
700 100   .1905000 .2551000 .3560000 .5035000 .6822000 .4699000
900 325   .0015000 .0020000 .0028000 .0040000 .0057000 .0039000
1100 525   .0873000 .1172000 .1655000 .2361000 .3249000 .2126000
1200 400   .0737000 .0986000 .1388000 .1974000 .2703000 .1883000
800 200   .0011000 .0015000 .0021000 .0030000 .0042000 .0029000
1000 450   .0720000 .0963000 .1355000 .1927000 .2638000 .1813000
1000 1   .0384000 .0514000 .0718000 .1018000 .1387000 .0940000
1000 275   .0541000 .0724000 .1018000 .1444000 .1973000 .1386000
1000 525   .0978000 .1324000 .1882000 .2730000 .3794000 .2050000
1400 325   .0650000 .0874000 .1223000 .1735000 .2363000 .1614000
900 275   .0014000 .0019000 .0027000 .0039000 .0054000 .0038000
200 50   .2053000 .2739000 .3809000 .5372000 .7288000 .4918000
500 25   .1466000 .1963000 .2739000 .3875000 .5284000 .3796000
1100 475   .0751000 .1005000 .1414000 .2016000 .2756000 .1887000
700 300   .1358000 .1817000 .2556000 .3646000 .4984000 .3292000
900 250   .0014000 .0018000 .0026000 .0037000 .0052000 .0036000
50 10   .3136000 .4200000 .5859000 .8265000 1.1213000 .8004000
600 5   .1627000 .2159000 .3018000 .4256000 .5775000 .4209000
100 1   .2932000 .3907000 .5479000 .7728000 1.0484000 .7590000
100 10   .3230000 .4326000 .6035000 .8513000 1.1549000 .8113000
350 20   .2202000 .2961000 .4146000 .5881000 .8008000 .5748000
2000 925   .0404000 .0545000 .0773000 .1105000 .1528000 .1056000
900 150   .0369000 .0492000 .0690000 .0976000 .1332000 .0921000
300 100   .2070000 .2758000 .3867000 .5486000 .7471000 .5003000
10 1   .2874000 .3815000 .5332000 .7479000 1.0140000 .7107000
350 5   .2319000 .3118000 .4365000 .6175000 .8421000 .6071000
1400 550   .0908000 .1219000 .1721000 .2455000 .3378000 .2218000
900 500   .0624000 .0838000 .1183000 .1697000 .2343000 .1614000
2000 500   .0115000 .0154000 .0219000 .0316000 .0443000 .0304000
550 250   .1311000 .1754000 .2468000 .3501000 .4768000 .3201000
300 125   .1922000 .2571000 .3618000 .5104000 .6947000 .4960000
1000 475   .0821000 .1098000 .1545000 .2198000 .3009000 .2027000
900 550   .0847000 .1143000 .1619000 .2335000 .3234000 .1950000
450 200   .1097000 .1462000 .2051000 .2909000 .3962000 .2707000
350 45   .2436000 .3275000 .4585000 .6504000 .8857000 .6164000
1000 550   .0932000 .1262000 .1794000 .2603000 .3639000 .1913000
500 200   .1090000 .1452000 .2036000 .2880000 .3928000 .2655000
350 30   .2444000 .3269000 .4600000 .6525000 .8886000 .6317000
550 325   .1677000 .2280000 .3252000 .4717000 .6596000 .3475000
500 150   .1105000 .1480000 .2065000 .2922000 .3984000 .2709000
500 225   .1282000 .1708000 .2395000 .3397000 .4627000 .3117000
800 1   .0336000 .0445000 .0623000 .0878000 .1191000 .0825000
300 175   .2231000 .3009000 .4263000 .6149000 .8517000 .5099000
2000 40   .0085000 .0114000 .0163000 .0237000 .0333000 .0235000
1800 200   .0606000 .0814000 .1150000 .1650000 .2270000 .1567000
900 200   .0013000 .0017000 .0024000 .0034000 .0048000 .0033000
1400 300   .0621000 .0830000 .1168000 .1657000 .2264000 .1549000
1000 350   .0597000 .0799000 .1124000 .1604000 .2206000 .1545000
1700 100   .0604000 .0812000 .1146000 .1644000 .2256000 .1587000
1400 375   .0712000 .0957000 .1340000 .1901000 .2598000 .1744000
250 15   .0053000 .0070000 .0098000 .0138000 .0191000 .0130000
500 500   .0089000 .0120000 .0172000 .0250000 .0353000 .0244000
600 250   .1245000 .1674000 .2344000 .3325000 .4528000 .3034000
750 400   .0868000 .1161000 .1633000 .2330000 .3195000 .2114000
1300 150   .0457000 .0612000 .0861000 .1224000 .1681000 .1171000
1500 375   .0879000 .1176000 .1655000 .2361000 .3249000 .1936000
1700 150   .0570000 .0765000 .1080000 .1545000 .2123000 .1493000
1700 300   .0612000 .0822000 .1161000 .1661000 .2281000 .1554000
450 250   .1949000 .2649000 .3779000 .5482000 .7618000 .4210000
1200 500   .0030000 .0040000 .0058000 .0084000 .0118000 .0082000
1700 150        
550 225   .1148000 .1543000 .2161000 .3065000 .4174000 .2828000
750 350   .0076000 .0102000 .0142000 .0201000 .0277000 .0187000
1300 225   .0508000 .0683000 .0956000 .1356000 .1859000 .1279000
1700 200   .0577000 .0776000 .1095000 .1562000 .2149000 .1497000
750 425   .0978000 .1324000 .1882000 .2708000 .3756000 .2231000
700 250   .1230000 .1645000 .2314000 .3283000 .4501000 .3020000
1700 350   .0628000 .0843000 .1190000 .1703000 .2339000 .1584000
750 450   .0963000 .1297000 .1853000 .2673000 .3726000 .2096000
1900 150   .0629000 .0848000 .1201000 .1723000 .2379000 .1626000
1900 1   .0074000 .0099000 .0141000 .0204000 .0288000 .0203000
1600 350   .0617000 .0825000 .1161000 .1656000 .2278000 .1549000
1600 325   .0593000 .0794000 .1117000 .1593000 .2192000 .1496000
750 300   .0005000 .0007000 .0009000 .0013000 .0019000 .0013000
2000 200   .0089000 .0120000 .0171000 .0248000 .0349000 .0245000
1500 400   .0665000 .0890000 .1252000 .1782000 .2439000 .1642000
750 275   .0004000 .0005000 .0008000 .0011000 .0016000 .0015000
750 325   .0005000 .0007000 .0010000 .0015000 .0021000 .0014000
1800 250   .0616000 .0827000 .1168000 .1676000 .2306000 .1581000
2000 100   .0087000 .0117000 .0167000 .0242000 .0341000 .0240000
1900 200   .0637000 .0856000 .1208000 .1734000 .2393000 .1621000
350 100   .1945000 .2616000 .3662000 .5180000 .7065000 .4722000
1300 100   .0461000 .0617000 .0868000 .1231000 .1693000 .1170000
1600 375   .0640000 .0856000 .1205000 .1719000 .2365000 .1589000
1500 300   .0638000 .0858000 .1201000 .1709000 .2339000 .1610000
1600 225   .0558000 .0747000 .1051000 .1499000 .2063000 .1436000
2000 1   .0087000 .0118000 .0167000 .0244000 .0344000 .0240000
750 250   .0004000 .0006000 .0008000 .0012000 .0016000 .0011000
1600 425   .0678000 .0910000 .1285000 .1834000 .2523000 .1671000
1300 350   .2368000 .2468000 .2659000 .3008000 .3534000 .1638000
1100 1   .0423000 .0564000 .0791000 .1122000 .1538000 .1051000
300 80   .1921000 .2572000 .3589000 .5077000 .6923000 .4680000
1800 150   .0610000 .0820000 .1157000 .1655000 .2281000 .1583000
1600 300   .0582000 .0778000 .1095000 .1562000 .2149000 .1474000
10 10   .2993000 .3972000 .5552000 .7831000 1.0624000 .7440000
750 225   .0004000 .0005000 .0008000 .0011000 .0015000 .0011000
1800 275   .0626000 .0840000 .1187000 .1697000 .2339000 .1589000
2000 175   .0087000 .0117000 .0167000 .0242000 .0341000 .0240000
1800 325   .0705000 .0951000 .1348000 .1933000 .2669000 .1730000
