10 1 .7412000 1.0236000 1.4941000 2.2267000 3.2131000 1.4015000
50 1 .7209000 .9955000 1.4531000 2.1656000 3.1249000 1.3524000
100 1 .6976000 .9634000 1.4062000 2.0957000 3.0241000 1.2984000
200 1 .6511000 .8991000 1.3125000 1.9665000 2.8285000 1.2025000
300 1 .6133000 .8470000 1.2363000 1.8523000 2.6644000 1.1235000
500 1 .5494000 .7543000 1.1074000 1.6592000 2.3999000 .9884000
800 1 .4753000 .6525000 .9580000 1.4353000 2.0761000 .8385000
1000 1 .4340000 .6020000 .8818000 1.3212000 1.9110000 .7613000
1100 1 .4167000 .5780000 .8467000 1.2685000 1.8349000 .7288000
1200 1 .4040000 .5547000 .8145000 1.2235000 1.7669000 .6983000
1900 1 .3201000 .4440000 .6504000 .9745000 1.4134000 .5451000
2000 1 .3115000 .4320000 .6328000 .9481000 1.3714000 .5290000
