10 1 0.285653503534 0.394488567482 0.575816108514 0.85815522979 1.23830716704 0.540128690237
50 1 0.220095255541 0.303932344141 0.443640471393 0.661171154668 0.954051413568 0.412896134823
100 1 0.218512137823 0.301769772905 0.440469851214 0.656444792482 0.947251370399 0.40670321065
200 1 0.254296203718 0.351156069364 0.512615216372 0.768044055616 1.10471020153 0.469653179191
300 1 0.270438310257 0.373489725725 0.545153893641 0.816782785078 1.17488314666 0.495414057677
500 1 0.500866077126 0.687665238399 1.0095724314 1.51262649284 2.18789315343 0.901084875558
800 1 1.24391520544 1.7076681497 2.50719706883 3.75634650615 5.43339439937 2.19445171421
1000 1 2.1592039801 2.99502487562 4.38706467662 6.57313432836 9.50746268657 3.78756218905
1100 1 2.79683200215 3.87945499698 5.68293174039 8.5139942278 12.3155916504 4.89160346332
1200 1 3.63113428006 4.98561927018 7.32069027503 10.9967643358 15.8808197016 6.27628977171
1900 1 17.9690131357 24.924216908 36.5106096329 54.7041652633 79.3420904906 30.5995284608
2000 1 22.2341184868 30.835117773 45.1677373305 67.6730906495 97.8872234118 37.7587437545
