200 1   1.1994000 1.6220000 2.3262000 3.3739000 4.7179000 2.8667000
800 1   .3763000 .5137000 .7354000 1.0666000 1.4960000 .8960000
1000 1   .3568000 .4871000 .6973000 1.0169000 1.4264000 .8557000
1100 1   .3580000 .4868000 .6943000 1.0126000 1.4204000 .8532000
1200 1   .3553000 .4851000 .6943000 1.0098000 1.4186000 .8509000
500 200   .6596000 .9006000 1.2891000 1.8697000 2.6305000 1.58110
10 1   1.1118000 1.5035000 2.1562000 3.1275000 4.3733000 2.6563000
100 1   1.3837000 1.8712000 2.6836000 3.8923000 5.4429000 3.3308000
1900 1   .2496000 .3408000 .4878000 .7095000 .9966000 .5997000
2000 1   .2455000 .3320000 .4761000 .6943000 .9739000 .5867000
