200 1   .6515000 .8989000 1.3184000 1.9647000 2.8351000 1.2059000
200 1   .6515000 .8989000 1.3184000 1.9647000 2.8351000 1.2059000
800 1   .4734000 .6532000 .9580000 1.4353000 2.0761000 .8385000
1000 1   .4358000 .6013000 .8818000 1.3212000 1.9110000 .7613000
1100 1   .4184000 .5773000 .8467000 1.2685000 1.8349000 .7288000
1200 1   .4007000 .5553000 .8174000 1.2246000 1.7714000 .6983000
10 1   .7383000 1.0188000 1.4941000 2.2267000 3.2131000 1.3986000
100 1   .6947000 .9566000 1.4004000 2.0981000 3.0179000 1.2981000
1900 1   .3199000 .4428000 .6475000 .9752000 1.4138000 .5450000
2000 1   .3113000 .4295000 .6299000 .9487000 1.3754000 .5289000
