10 1 0.428480255302 0.579438805402 0.830985003131 1.20531750176 1.68544045738 1.02372018543
100 1 0.433422083007 0.586123727486 0.840595144871 1.21920125294 1.70490211433 1.04332028191
200 1 0.46844243087 0.633494766443 0.9085299172 1.31772379316 1.84264177472 1.11962974535
500 200 1.61255622922 2.20174066106 3.15152552318 4.57094660669 6.43091140231 3.86539213769
800 1 0.984820727558 1.34441245747 1.92462706098 2.79141585972 3.9152054436 2.34493588066
1000 1 1.77512437811 2.42338308458 3.46915422886 5.0592039801 7.09651741294 4.25721393035
1100 1 2.40284582858 3.26733337808 4.66004429828 6.79642929056 9.53352573998 5.72655882945
1200 1 3.19342081611 4.36005752292 6.24033794715 9.07603810893 12.7503145785 7.64785187848
1900 1 14.0114516672 19.1310205456 27.3829572247 39.8282249916 55.9447625463 33.664533513
2000 1 17.5231977159 23.6973590293 33.982869379 49.5574589579 69.5146324054 41.8772305496
