10 1 0.395991601297 0.531149026674 0.75648848096 1.09120254979 1.51155100676 0.97103692324
50 1 0.411308542468 0.552421078342 0.779965805703 1.11574158881 1.54259021799 1.11564999695
100 1 0.363132341425 0.489710258418 0.693750978857 0.995176194205 1.3826468285 0.928050117463
200 1 0.33170598344 0.449148570536 0.638493985315 0.92606623965 1.29495391345 0.81584908608
300 1 0.354352235647 0.479848311139 0.68211482494 0.986639033424 1.37322515213 0.899285651292
500 1 0.505606709819 0.679095633148 0.958884127997 1.37542164281 1.90491384812 1.23165283982
800 1 0.539649306464 0.72965192358 1.0465846637 1.52630201518 2.14106254907 1.31824129809
1000 1 0.758706467662 1.03432835821 1.49402985075 2.20248756219 3.12587064677 1.78855721393
1100 1 1.04839250956 1.42962614941 2.06456809182 3.03577421303 4.31505470166 2.48875763474
1200 1 1.34369944275 1.8326442567 2.64605428726 3.90167175984 5.5374797771 3.16465935646
1900 1 5.07466037948 6.91590883575 9.99214101269 14.651397777 20.7926350062 11.3786909173
2000 1 5.81727337616 7.8800856531 11.448965025 16.7880085653 23.8329764454 12.7266238401
