600 300 0.016929314385
600 400 0.00527746136429
800 300 0.116730164883
800 400 0.0892571600232
800 500 0.0426507423984
800 600 0.0222061875372
1000 300 0.143036383975
1000 400 0.140652888804
1000 500 0.131709301334
1000 600 0.10410870524
1000 700 0.0651896208492
1000 800 0.0451681351171
1200 300 0.157878183468
1200 400 0.152843607151
1200 500 0.149452964724
1200 600 0.14280402166
1200 700 0.135624608442
1200 800 0.112651674126
1400 300 0.164756559671
1400 400 0.165133967398
1400 500 0.161453497051
1400 600 0.15965645151
1400 700 0.151902350284
1400 800 0.144728205698
1700 300 0.176163281651
1700 400 0.176511844453
1700 500 0.172545892706
1700 600 0.167119674249
1700 700 0.165878399271
1700 800 0.16189813353
2000 300 0.187499547065
2000 400 0.185857744646
2000 500 0.186178846207
2000 600 0.180805681555
2000 700 0.179609335635
2000 800 0.177061547302
2500 300 0.204155350006
2500 400 0.205574581192
2500 500 0.205458690569
2500 600 0.202046891091
2500 700 0.201096797244
2500 800 0.196705689853
