450 300   .2408000 .3340000 .4893000 .7369000 1.0684000 .4001000
1300 300   .1045000 .1450000 .2124000 .3199000 .4638000 .1679000
1150 300   .1118000 .1541000 .2271000 .3411000 .4953000 .1795000
1550 300   .0981000 .1352000 .1992000 .2993000 .4346000 .1571000
1000 300   .1218000 .1680000 .2476000 .3719000 .5400000 .1966000
1950 300   .0966000 .1332000 .1963000 .2941000 .4277000 .1547000
1750 300   .0959000 .1330000 .1948000 .2934000 .4254000 .1538000
1600 300   .0973000 .1342000 .1978000 .2963000 .4309000 .1558000
1400 300   .1013000 .1405000 .2058000 .3092000 .4490000 .1625000
1900 300   .0963000 .1327000 .1956000 .2930000 .4262000 .1541000
1700 300   .0963000 .1335000 .1956000 .2938000 .4266000 .1543000
1850 300   .0959000 .1330000 .1948000 .2927000 .4250000 .1538000
1450 300   .0999000 .1385000 .2029000 .3056000 .4430000 .1603000
850 300   .1370000 .1889000 .2783000 .4181000 .6071000 .2217000
950 300   .1262000 .1750000 .2563000 .3851000 .5592000 .2038000
750 300   .1507000 .2090000 .3062000 .4611000 .6685000 .2456000
650 300   .1709000 .2356000 .3472000 .5201000 .7565000 .2778000
550 300   .1983000 .2750000 .4028000 .6068000 .8796000 .3262000
1200 300   .1089000 .1510000 .2212000 .3332000 .4830000 .1749000
800 300   .1435000 .1978000 .2915000 .4379000 .6359000 .2322000
1050 300   .1179000 .1635000 .2395000 .3607000 .5230000 .1898000
900 300   .1312000 .1809000 .2666000 .4005000 .5816000 .2121000
1650 300   .0966000 .1340000 .1963000 .2949000 .4282000 .1549000
1250 300   .1067000 .1480000 .2168000 .3257000 .4729000 .1713000
1350 300   .1027000 .1425000 .2087000 .3144000 .4558000 .1653000
600 300   .1831000 .2525000 .3721000 .5589000 .8116000 .2999000
500 300   .2170000 .3010000 .4409000 .6641000 .9628000 .3584000
700 300   .1601000 .2207000 .3252000 .4885000 .7094000 .2601000
1800 300   .0959000 .1330000 .1948000 .2927000 .4250000 .1537000
2500 300   .1136000 .1575000 .2307000 .3475000 .5038000 .1822000
1100 300   .1146000 .1581000 .2329000 .3499000 .5081000 .1843000
