3400 300 0.24343931058 0.48687862116 0.973757242319 1.94751448464 3.16471103754 1.46063586348
650 300 0.397488080009 0.547970694267 0.807535759972 1.20967554367 1.75950691941 0.652168856844
3500 300 0.296050683877 0.592101367754 1.18420273551 2.36840547102 3.8486588904 1.48025341939
2650 300 0.103723680116 0.207447360232 0.311171040349 0.518618400581 0.881651280987 0.726065760813
2950 300 0.196039992158 0.294059988238 0.490099980396 0.882179964713 1.47029994119 0.882179964713
3350 300 0.220541208125 0.441082416249 0.882164832499 1.764329665 2.86703570562 1.32324724875
2750 300 0.128642181771 0.192963272657 0.321605454429 0.643210908857 1.02913745417 0.771853090628
2900 300 0.176616036736 0.264924055104 0.44154009184 0.794772165313 1.32462027552 0.883080183681
2550 300 0.125046892585 0.166729190113 0.250093785169 0.458505272811 0.750281355508 0.666916760452
3000 300 0.217410209583 0.326115314375 0.543525523959 0.978345943125 1.52187146708 0.869640838334
3750 300 0.47947832758 0.958956655159 1.91791331032 3.83582662064 5.75373993096 2.3973916379
3800 300 0.527231507355 1.05446301471 2.10892602942 4.21785205884 6.85400959561 2.63615753677
3700 300 0.43590078898 0.871801577961 1.74360315592 3.48720631184 5.66671025675 2.1795039449
3650 300 0.395961195803 0.791922391606 1.58384478321 3.16768956642 5.14749554544 1.97980597901
3050 300 0.240952243265 0.361428364898 0.602380608163 0.963808973062 1.68666570286 0.963808973062
3850 300 0.579911853398 1.1598237068 2.31964741359 4.63929482719 7.53885409418 2.89955926699
3300 300 0.199652604468 0.399305208936 0.798610417873 1.59722083575 2.59548385809 1.19791562681
3150 300 0.29540352121 0.443105281815 0.738508803025 1.18161408484 2.06782464847 1.03391232423
2800 300 0.143092222938 0.214638334407 0.357730557344 0.64391500322 1.1447377835 0.787007226157
2700 300 0.115566855426 0.173350283139 0.346700566278 0.577834277129 0.98231827112 0.751184560268
3600 300 0.359544098084 0.719088196167 1.43817639233 2.87635278467 4.314529177 1.79772049042
2600 300 0.093023255814 0.186046511628 0.279069767442 0.46511627907 0.837209302326 0.697674418605
3550 300 0.326455993732 0.652911987464 1.30582397493 2.61164794986 3.91747192478 1.63227996866
3200 300 0.326802725535 0.326802725535 0.653605451069 1.30721090214 2.12421771598 0.980408176604
2850 300 0.15903307888 0.238549618321 0.397582697201 0.715648854962 1.1927480916 0.795165394402
3250 300 0.361369590749 0.361369590749 0.722739181498 1.445478363 2.34890233987 1.08410877225
1550 300 0.035889889818 0.0502458457453 0.0717797796361 0.111258658436 0.168682482145 0.0825467465815
1350 300 0.0303005817712 0.0404007756949 0.0585811247576 0.0888817065288 0.131302521008 0.0686813186813
550 300 0.359040074557 0.485554520037 0.696178937558 1.00978564772 1.40354147251 0.725535880708
450 300 1.44989633725 1.97650310988 2.85487214927 4.17484450587 5.88251554941 2.799585349
2350 300 0.0798445692385 0.133074282064 0.212918851303 0.345993133367 0.55891198467 0.55891198467
600 300 0.271837936109 0.36793351225 0.523114881828 0.75448013159 1.04536403775 0.578954203099
500 300 0.552985948478 0.758196721311 1.08928571429 1.59718969555 2.24707259953 1.04478922717
1700 300 0.0431662439972 0.0593535854961 0.0863324879944 0.134894512491 0.210435439486 0.124102951492
700 300 0.269359389696 0.363413104818 0.514682829972 0.740411746264 1.02727557739 0.571637579684
950 300 0.028636884307 0.0383734249714 0.0549828178694 0.0807560137457 0.114547537228 0.0664375715922
1150 300 0.0263002169768 0.0350669559691 0.0504087492055 0.0756131238083 0.108488395029 0.0504087492055
1000 300 0.0270178993583 0.0364741641337 0.0513340087808 0.0749746707194 0.107396149949 0.0601148260723
2150 300 0.0667779632721 0.100166944908 0.150250417362 0.25041736227 0.400667779633 0.400667779633
900 300 0.03352443883 0.0446992517734 0.0636478476339 0.0932853950053 0.133126032456 0.0772519677388
1800 300 0.0490952447749 0.0701360639641 0.0981904895497 0.161312947117 0.238462617478 0.196380979099
1050 300 0.0270377733598 0.0365805168986 0.051689860835 0.0763419483101 0.109741550696 0.0580516898608
1450 300 0.0324552388165 0.04597825499 0.0676150808676 0.100070319684 0.148753177909 0.0784334938065
1400 300 0.0327607993635 0.0444610848505 0.0631815416296 0.0959423409931 0.140403425844 0.0725417700192
750 300 0.169929922704 0.230984390508 0.329333213029 0.477608349123 0.667990014737 0.36392071942
2000 300 0.0580801040795 0.0813121457114 0.127776228975 0.209088374686 0.325248582845 0.31363256203
850 300 0.0449262220757 0.0605885747259 0.0865551067513 0.126535322727 0.181353557003 0.103453960927
1200 300 0.0256167225965 0.0345825755053 0.0499526090632 0.0742884955299 0.107590234905 0.0486717729334
2400 300 0.0894534394847 0.149089065808 0.208724692131 0.357813757939 0.596356263232 0.596356263232
1100 300 0.0270926756353 0.0364349775785 0.0523168908819 0.0766068759342 0.11023916293 0.0541853512706
2100 300 0.0740620047103 0.103686806594 0.148124009421 0.236998415073 0.370310023552 0.370310023552
1900 300 0.0543281419775 0.0724375226367 0.117710974285 0.181093806592 0.280695400217 0.253531329229
2300 300 0.0949149324918 0.118643665615 0.189829864984 0.308473530598 0.498303395582 0.522032128705
2200 300 0.0751597143931 0.11273957159 0.169109357384 0.281848928974 0.43216835776 0.450958286359
800 300 0.122802708677 0.165608224273 0.234377741132 0.338233746184 0.471562401319 0.267008175152
2250 300 0.084518351047 0.105647938809 0.169036702094 0.295814228664 0.464850930758 0.48598051852
1500 300 0.0343042474896 0.0467785193039 0.0717270629327 0.106031310422 0.159046965633 0.0810827667935
2450 300 0.100123485632 0.133497980843 0.233621466475 0.400493942529 0.634115409004 0.634115409004
2050 300 0.0656331631247 0.0918864283745 0.144392958874 0.223152754624 0.341292448248 0.341292448248
1850 300 0.0478545222524 0.0717817833785 0.111660551922 0.167490827883 0.263199872388 0.231296857553
2500 300 0.111957008509 0.149276011345 0.261233019854 0.410509031199 0.709061053889 0.671742051052
3100 300 0.266841002788 0.400261504183 0.667102506971 1.06736401115 1.86788701952 0.93394350976
