450 300 1.66413268832 2.30822391154 3.38147892191 5.09260539046 7.38355217692 2.76503109883
500 300 0.635245901639 0.881147540984 1.29069086651 1.94408665105 2.81850117096 1.04918032787
550 300 0.462022367195 0.64072693383 0.938490214352 1.41379310345 2.04939422181 0.760018639329
600 300 0.396286035841 0.54648948143 0.805341528872 1.20963552939 1.75655787378 0.649078001905
650 300 0.397488080009 0.547970694267 0.807535759972 1.20967554367 1.75950691941 0.646121642051
700 300 0.418277771972 0.57660152576 0.849618559933 1.27625666214 1.85338070854 0.679538091755
750 300 0.453246714187 0.628590333544 0.920929952781 1.38680862582 2.01058678456 0.738668832145
800 300 0.503491105575 0.694010736465 1.02277113084 1.53643731799 2.23114978422 0.814708255851
850 300 0.564669029758 0.778583793587 1.14706124804 1.7232709587 2.50226691946 0.913774626989
900 300 0.637450199203 0.878923331066 1.29530657856 1.94587503644 2.82577009037 1.03051209795
950 300 0.722794959908 1.00229095074 1.46792668958 2.20561282932 3.20274914089 1.16723940435
1000 300 0.822695035461 1.13475177305 1.67240797028 2.51198919284 3.64741641337 1.32792975346
1050 300 0.937574552684 1.30019880716 1.90457256461 2.86838966203 4.15904572565 1.50934393638
1100 300 1.07062780269 1.47701793722 2.17582212257 3.26887144993 4.74682361734 1.72178624813
1150 300 1.22515177417 1.68869309838 2.48865803143 3.73791833783 5.42770727859 1.96703706139
1200 300 1.39483054538 1.93406255604 2.83320951917 4.26774598458 6.18643850706 2.24018239106
1350 300 2.07457983193 2.87855526826 4.21582094376 6.35100193924 9.20733678087 3.33912411118
1400 300 2.37047783966 3.28778022184 4.81583750644 7.23545654514 10.5068563673 3.80259278326
1450 300 2.70189863147 3.74587548007 5.48763996322 8.26526748526 11.9813923297 4.33547898523
1550 300 3.52079819115 4.8523131034 7.14926605175 10.7418440225 15.5977461149 5.63830169041
1700 300 5.19613662116 7.20336696703 10.5541466573 15.852803108 23.0183996115 8.32568931096
1800 300 6.72604853416 9.32809650722 13.6625052602 20.5288259223 29.8078271847 10.7799130313
1850 300 7.64874780667 10.6077524326 15.5367682246 23.3450311054 33.8969532621 12.266709204
1900 300 8.7196667874 12.0155740674 17.7109742847 26.5302426657 38.5910901847 13.9532777979
1950 300 9.91420009032 13.6705119258 20.1465577405 30.1839155959 43.89548011 15.8770885504
2500 300 42.394387222 58.7774294671 86.0949395432 129.683534856 188.013136289 67.9952231676
