450 300 .6226000 .8328000 1.1719000 1.6810000 2.3208000 1.6604000
500 300 .6023000 .8058000 1.1338000 1.6174000 2.2394000 1.6627000
550 300 .3662000 .4918000 .6943000 .9905000 1.3714000 1.0046000
600 300 .2549000 .3424000 .4834000 .6934000 .9573000 .6873000
700 300 .1784000 .2397000 .3384000 .4854000 .6744000 .4559000
750 300 .0740000 .1009000 .1458000 .2149000 .3050000 .1717000
800 300 .0624000 .0854000 .1238000 .1835000 .2611000 .1411000
850 300 .0564000 .0775000 .1128000 .1672000 .2393000 .1261000
900 300 .0537000 .0735000 .1066000 .1588000 .2279000 .1204000
950 300 .0352000 .0482000 .0705000 .1053000 .1518000 .0747000
1000 300 .0329000 .0449000 .0657000 .0982000 .1415000 .0688000
1050 300 .0321000 .0443000 .0646000 .0966000 .1391000 .0674000
1100 300 .0342000 .0471000 .0685000 .1023000 .1474000 .0712000
1150 300 .0364000 .0496000 .0716000 .1056000 .1494000 .0776000
1200 300 .0390000 .0529000 .0762000 .1111000 .1558000 .0813000
1400 300 .0506000 .0682000 .0967000 .1387000 .1927000 .0935000
1450 300 .0550000 .0742000 .1051000 .1508000 .2081000 .1023000
1500 300 .0600000 .0809000 .1146000 .1644000 .2270000 .1109000
1700 300 .0878000 .1184000 .1677000 .2419000 .3372000 .1662000
1800 300 .1058000 .1419000 .2021000 .2916000 .4052000 .1996000
1850 300 .1181000 .1584000 .2256000 .3236000 .4496000 .2223000
1900 300 .1288000 .1728000 .2461000 .3530000 .4889000 .2385000
1950 300 .1380000 .1861000 .2637000 .3782000 .5255000 .2560000
2000 300 .1491000 .2011000 .2849000 .4087000 .5678000 .2760000
2050 300 .1618000 .2170000 .3091000 .4421000 .6113000 .3046000
2100 300 .1746000 .2345000 .3311000 .4749000 .6556000 .3199000
2150 300 .1894000 .2554000 .3618000 .5161000 .7146000 .3470000
2200 300 .2016000 .2708000 .3823000 .5484000 .7596000 .3691000
2250 300 .2147000 .2895000 .4102000 .5867000 .8112000 .3941000
2300 300 .2369000 .3178000 .4526000 .6493000 .9021000 .4420000
2350 300 .2477000 .3340000 .4731000 .6806000 .9442000 .4610000
2400 300 .2607000 .3516000 .4980000 .7144000 .9926000 .4842000
2450 300 .2799000 .3774000 .5347000 .7648000 1.0574000 .5690000
2500 300 .2929000 .3950000 .5596000 .8027000 1.1082000 .5407000
