450 300 4.30269523151 5.75535590878 8.09882515549 11.6171389081 16.0387007602 11.4747753974
500 300 1.76317330211 2.35889929742 3.31908665105 4.73477751756 6.5556206089 4.86738875878
550 300 0.85321528425 1.1458527493 1.61766076421 2.30778191985 3.19524697111 2.34063373719
600 300 0.551683836897 0.741061379967 1.04622976366 1.50073586702 2.07189853692 1.48753354688
700 300 0.466088410492 0.626240986519 0.884104922144 1.26815759222 1.76193959661 1.19108579789
750 300 0.222563084604 0.303467773467 0.438509428855 0.646335228127 0.917320821679 0.516406508466
800 300 0.218939686327 0.299638609172 0.434370723834 0.643837058349 0.91610820673 0.495070348409
850 300 0.232462286703 0.31942956063 0.464924573407 0.68914351661 0.98631604979 0.519742807683
900 300 0.260907589156 0.357108152755 0.517928286853 0.771547954523 1.10727820426 0.584977164513
950 300 0.201603665521 0.276059564719 0.403780068729 0.603092783505 0.86941580756 0.427835051546
1000 300 0.222222222222 0.303275920297 0.44376899696 0.663289429247 0.955758189801 0.464707868963
1050 300 0.255268389662 0.352286282306 0.513717693837 0.768190854871 1.10616302187 0.535984095427
1100 300 0.319506726457 0.440022421525 0.639947683109 0.955717488789 1.37705530643 0.665171898356
1150 300 0.398886624148 0.54353781752 0.784623139808 1.15720954698 1.63718850681 0.85037368225
1200 300 0.499526090632 0.677562312678 0.975997130927 1.42300894024 1.99554269027 1.04131977355
1400 300 1.18406889128 1.59591894042 2.26283521318 3.24565919408 4.50929002668 2.18795338606
1450 300 1.48753177909 2.00681560015 2.84253799968 4.07854167794 5.62827933142 2.7668091091
1500 300 1.87114077216 2.52292147446 3.57387887482 5.12692571571 7.07914925466 3.45849186054
1700 300 4.73749527869 6.38860411158 9.04872389791 13.0523930287 18.1945718448 8.96778719042
1800 300 7.4203955674 9.9523074765 14.1744985271 20.4516762519 28.4191331182 13.9991583672
1850 300 9.41936513 12.6335938746 17.9933003669 25.8095390014 35.8589886744 17.7301004945
1900 300 11.6624411445 15.6465048895 22.2835929011 31.9630568635 44.2683810214 21.5954364361
1950 300 14.1631429862 19.0997167371 27.0639188801 38.8152222998 53.9328379654 26.273656554
2000 300 17.3194870365 23.3598178608 33.0940433045 47.4746770746 65.9557661927 32.0602174519
2050 300 21.2388915871 28.4847927961 40.5744214437 58.0328428348 80.2431052362 39.9837229755
2100 300 25.8624520449 34.7350802092 49.0438595192 70.3440920739 97.1101005762 47.3848706137
2150 300 31.6193656093 42.6377295492 60.4006677796 86.1602671119 119.298831386 57.9298831386
2200 300 37.8804960541 50.8831266441 71.8338970312 103.043968433 142.728297632 69.3536264562
2250 300 45.3652249245 61.1701565702 86.6735689987 123.967291398 171.403215923 83.271705369
2300 300 56.2133687682 75.4099138647 107.396246114 154.070664167 214.056901502 104.881000403
2350 300 65.9249993346 88.8936204189 125.914885689 181.140712746 251.29747425 122.694488063
2400 300 77.7350389122 104.839431076 148.492709545 213.018457226 295.971613442 144.377851328
2450 300 93.4152120949 125.955344925 178.453425892 255.248139372 352.901912359 189.900877749
2500 300 109.307359307 147.410061203 208.837139872 299.559635767 413.569189431 201.783848336
