850 300 0.0453383892507 0.0614129090759 0.0886159426263 0.130656994477 0.188772566153 0.104690462452
900 300 0.0330385773977 0.0442133903411 0.0636478476339 0.0937712564377 0.134583616753 0.0772519677388
950 300 0.028636884307 0.0383734249714 0.0555555555556 0.0813287514318 0.116838487973 0.0664375715922
1000 300 0.0263424518744 0.0357987166498 0.0513340087808 0.0749746707194 0.108071597433 0.0601148260723
1050 300 0.0270377733598 0.0365805168986 0.051689860835 0.0763419483101 0.109741550696 0.0580516898608
1100 300 0.026158445441 0.0355007473842 0.0513826606876 0.0756726457399 0.109304932735 0.0532511210762
1150 300 0.0263002169768 0.0350669559691 0.0504087492055 0.0745172814342 0.108488395029 0.0493129068315
1200 300 0.0256167225965 0.0345825755053 0.0499526090632 0.0742884955299 0.107590234905 0.0473909368035
1350 300 0.0303005817712 0.0404007756949 0.0606011635423 0.0888817065288 0.131302521008 0.0686813186813
1450 300 0.0324552388165 0.04597825499 0.0649104776329 0.100070319684 0.148753177909 0.0784334938065
1550 300 0.035889889818 0.0502458457453 0.0717797796361 0.111258658436 0.168682482145 0.0825467465815
1700 300 0.0431662439972 0.0593535854961 0.0863324879944 0.134894512491 0.205039658987 0.124102951492
1800 300 0.0490952447749 0.0701360639641 0.0981904895497 0.154299340721 0.238462617478 0.196380979099
1850 300 0.0478545222524 0.0717817833785 0.103684798213 0.167490827883 0.255224118679 0.231296857553
2000 300 0.0580801040795 0.0813121457114 0.127776228975 0.209088374686 0.325248582845 0.31363256203
2050 300 0.0656331631247 0.0918864283745 0.131266326249 0.223152754624 0.341292448248 0.341292448248
2100 300 0.0592496037683 0.0888744056524 0.148124009421 0.236998415073 0.370310023552 0.370310023552
2200 300 0.0751597143931 0.11273957159 0.169109357384 0.263059000376 0.43216835776 0.450958286359
2250 300 0.084518351047 0.105647938809 0.169036702094 0.295814228664 0.464850930758 0.507110106282
2400 300 0.0894534394847 0.149089065808 0.208724692131 0.357813757939 0.596356263232 0.596356263232
2600 300 0.093023255814 0.186046511628 0.279069767442 0.46511627907 0.837209302326 0.697674418605
2700 300 0.115566855426 0.173350283139 0.346700566278 0.577834277129 0.98231827112 0.751184560268
2850 300 0.15903307888 0.238549618321 0.397582697201 0.715648854962 1.1927480916 0.795165394402
2900 300 0.176616036736 0.264924055104 0.44154009184 0.794772165313 1.32462027552 0.883080183681
2950 300 0.196039992158 0.294059988238 0.490099980396 0.882179964713 1.47029994119 0.882179964713
3000 300 0.217410209583 0.326115314375 0.543525523959 0.978345943125 1.52187146708 0.869640838334
3150 300 0.29540352121 0.443105281815 0.738508803025 1.18161408484 2.06782464847 1.03391232423
3200 300 0.326802725535 0.326802725535 0.653605451069 1.30721090214 2.12421771598 0.980408176604
3250 300 0.361369590749 0.361369590749 0.722739181498 1.445478363 2.34890233987 1.08410877225
3350 300 0.220541208125 0.441082416249 0.882164832499 1.764329665 2.86703570562 1.32324724875
3400 300 0.24343931058 0.48687862116 0.973757242319 1.94751448464 3.16471103754 1.46063586348
3600 300 0.359544098084 0.719088196167 1.43817639233 2.87635278467 4.314529177 1.79772049042
3700 300 0.43590078898 0.871801577961 1.74360315592 3.48720631184 5.66671025675 2.1795039449
3800 300 0.527231507355 1.05446301471 2.10892602942 4.21785205884 6.85400959561 2.63615753677
3850 300 0.579911853398 1.1598237068 2.31964741359 4.63929482719 7.53885409418 2.89955926699
