450 300 .6686000 .9079000 1.3066000 1.9160000 2.7116000 1.2400000
500 300 .5562000 .7594000 1.0869000 1.5852000 2.2369000 .9840000
550 300 .3645000 .4970000 .7178000 1.0525000 1.4940000 .6886000
600 300 .2607000 .3585000 .5215000 .7730000 1.1000000 .5203000
700 300 .2325000 .3193000 .4688000 .7004000 1.0148000 .4774000
750 300 .1241000 .1719000 .2542000 .3848000 .5622000 .2781000
800 300 .1166000 .1615000 .2388000 .3625000 .5301000 .2640000
850 300 .1227000 .1699000 .2512000 .3804000 .5587000 .2784000
900 300 .1323000 .1841000 .2732000 .4137000 .6075000 .3014000
950 300 .1011000 .1406000 .2087000 .3177000 .4676000 .2371000
1000 300 .1015000 .1411000 .2095000 .3197000 .4697000 .2389000
1050 300 .1082000 .1505000 .2234000 .3400000 .5004000 .2544000
1100 300 .1235000 .1717000 .2549000 .3880000 .5679000 .2870000
1150 300 .0990000 .1377000 .2043000 .3110000 .4602000 .2366000
1200 300 .1011000 .1406000 .2087000 .3177000 .4701000 .2417000
1250 300 .1082000 .1505000 .2234000 .3400000 .5030000 .2585000
1400 300 .1082000 .1505000 .2234000 .3409000 .5035000 .2614000
1450 300 .1128000 .1569000 .2329000 .3564000 .5254000 .2731000
1500 300 .1203000 .1673000 .2483000 .3789000 .5596000 .2911000
1600 300 .1249000 .1737000 .2578000 .3935000 .5811000 .3014000
1650 300 .1259000 .1752000 .2600000 .3968000 .5860000 .3040000
1700 300 .1288000 .1791000 .2659000 .4068000 .5998000 .3116000
1750 300 .1337000 .1860000 .2761000 .4225000 .6229000 .3230000
1800 300 .1433000 .1993000 .2959000 .4528000 .6675000 .3462000
1850 300 .1533000 .2132000 .3164000 .4841000 .7138000 .3698000
1900 300 .1391000 .1934000 .2871000 .4393000 .6494000 .3400000
1950 300 .1405000 .1954000 .2900000 .4438000 .6560000 .3436000
2000 300 .1429000 .1996000 .2974000 .4538000 .6702000 .3517000
2050 300 .1490000 .2072000 .3076000 .4707000 .6958000 .3644000
2100 300 .1562000 .2183000 .3252000 .4963000 .7349000 .3840000
2150 300 .1682000 .2350000 .3501000 .5343000 .7891000 .4117000
2200 300 .1816000 .2526000 .3750000 .5723000 .8452000 .4402000
2250 300 .1930000 .2684000 .3984000 .6097000 .8989000 .4663000
2300 300 .1626000 .2271000 .3384000 .5178000 .7674000 .4021000
2350 300 .1653000 .2299000 .3413000 .5236000 .7747000 .4062000
2400 300 .1674000 .2329000 .3457000 .5290000 .7840000 .4113000
2450 300 .1696000 .2359000 .3501000 .5357000 .7939000 .4166000
2500 300 .1731000 .2408000 .3574000 .5469000 .8106000 .4245000
