850 300 .0110000 .0149000 .0215000 .0317000 .0458000 .0254000
900 300 .0068000 .0091000 .0131000 .0193000 .0277000 .0159000
950 300 .0050000 .0067000 .0097000 .0142000 .0204000 .0116000
1000 300 .0039000 .0053000 .0076000 .0111000 .0160000 .0089000
1050 300 .0034000 .0046000 .0065000 .0096000 .0138000 .0073000
1100 300 .0028000 .0038000 .0055000 .0081000 .0117000 .0057000
1150 300 .0024000 .0032000 .0046000 .0068000 .0099000 .0045000
1200 300 .0020000 .0027000 .0039000 .0058000 .0084000 .0037000
1250 300 .0018000 .0025000 .0035000 .0053000 .0077000 .0036000
1300 300 .0016000 .0022000 .0032000 .0049000 .0071000 .0035000
1350 300 .0015000 .0020000 .0030000 .0044000 .0065000 .0034000
1450 300 .0012000 .0017000 .0024000 .0037000 .0055000 .0029000
1550 300 .0010000 .0014000 .0020000 .0031000 .0047000 .0023000
1600 300 .0009000 .0013000 .0019000 .0029000 .0043000 .0021000
1650 300 .0008000 .0012000 .0017000 .0027000 .0040000 .0021000
1700 300 .0008000 .0011000 .0016000 .0025000 .0038000 .0023000
1750 300 .0007000 .0010000 .0015000 .0024000 .0036000 .0026000
1800 300 .0007000 .0010000 .0014000 .0022000 .0034000 .0028000
1850 300 .0006000 .0009000 .0013000 .0021000 .0032000 .0029000
2000 300 .0005000 .0007000 .0011000 .0018000 .0028000 .0027000
2050 300 .0005000 .0007000 .0010000 .0017000 .0026000 .0026000
2100 300 .0004000 .0006000 .0010000 .0016000 .0025000 .0025000
2200 300 .0004000 .0006000 .0009000 .0014000 .0023000 .0024000
2250 300 .0004000 .0005000 .0008000 .0014000 .0022000 .0024000
2400 300 .0003000 .0005000 .0007000 .0012000 .0020000 .0020000
2600 300 .0002000 .0004000 .0006000 .0010000 .0018000 .0015000
2700 300 .0002000 .0003000 .0006000 .0010000 .0017000 .0013000
2850 300 .0002000 .0003000 .0005000 .0009000 .0015000 .0010000
2900 300 .0002000 .0003000 .0005000 .0009000 .0015000 .0010000
2950 300 .0002000 .0003000 .0005000 .0009000 .0015000 .0009000
3000 300 .0002000 .0003000 .0005000 .0009000 .0014000 .0008000
3150 300 .0002000 .0003000 .0005000 .0008000 .0014000 .0007000
3200 300 .0002000 .0002000 .0004000 .0008000 .0013000 .0006000
3250 300 .0002000 .0002000 .0004000 .0008000 .0013000 .0006000
3350 300 .0001000 .0002000 .0004000 .0008000 .0013000 .0006000
3400 300 .0001000 .0002000 .0004000 .0008000 .0013000 .0006000
3450 300 .0001000 .0002000 .0004000 .0008000 .0013000 .0005000
3600 300 .0001000 .0002000 .0004000 .0008000 .0012000 .0005000
3700 300 .0001000 .0002000 .0004000 .0008000 .0013000 .0005000
3800 300 .0001000 .0002000 .0004000 .0008000 .0013000 .0005000
3850 300 .0001000 .0002000 .0004000 .0008000 .0013000 .0005000
3900 300 .0001000 .0002000 .0004000 .0009000 .0013000 .0005000
