450 300 4.6205943331 6.27436074637 9.02971665515 13.2411886662 18.7394609537 8.56945404285
500 300 1.62822014052 2.22306791569 3.18179156909 4.64051522248 6.54830210773 2.88056206089
550 300 0.849254426841 1.15796831314 1.6724137931 2.45223671948 3.48089468779 1.60438024231
600 300 0.564236862609 0.775906847892 1.1286901567 1.67301532335 2.38074625574 1.12609297896
700 300 0.607430243495 0.834204201066 1.22478837914 1.82986727976 2.65126972515 1.24725676664
750 300 0.373244308099 0.517008030317 0.764534271707 1.15732803994 1.69087792114 0.836416132816
800 300 0.409108452335 0.566646784323 0.837865338058 1.27188519701 1.85993473913 0.926283288306
850 300 0.505729123733 0.700272030336 1.03536394362 1.56788393372 2.30277800676 1.14747341522
900 300 0.642794674959 0.8944708969 1.3273734331 2.01000874551 2.95160820134 1.46438635701
950 300 0.579037800687 0.805269186712 1.19530355097 1.81958762887 2.67812142039 1.35796105384
1000 300 0.685579196217 0.953056399865 1.41506247889 2.15940560621 3.17257683215 1.61364403918
1050 300 0.860437375746 1.19681908549 1.77654075547 2.70377733598 3.97932405567 2.02306163022
1100 300 1.15377428999 1.60407324365 2.38135276532 3.62481315396 5.30549327354 2.6812406577
1150 300 1.08488395029 1.50897494904 2.23880597015 3.40806978324 5.0430666053 2.59276305696
1200 300 1.29492532725 1.80085559853 2.67310500295 4.06921638446 6.02121064631 3.09578092579
1400 300 2.53194177938 3.52178593158 5.22768755558 7.97725464501 11.7821874854 6.11690925259
1450 300 3.05079244875 4.24352247525 6.29902093363 9.63920592849 14.2099853951 7.38627143398
1500 300 3.75163724818 5.21736418637 7.74340422878 11.8162539762 17.4515062683 9.07815131292
1700 300 6.94976528355 9.66384287487 14.3473803486 21.9500350726 32.3638914369 16.8132520369
1800 300 10.0504979661 13.978117548 20.753261327 31.7576097629 46.815822696 24.2811053444
1850 300 12.2268304355 17.004306907 25.2352847344 38.6106237039 56.9309299729 29.4943372149
1900 300 12.5950742485 17.5117710974 25.9960159363 39.7772546179 58.8011590004 30.7859471206
1950 300 14.4197216635 20.0541894166 29.7631265651 45.5478467917 67.3262449197 35.2641734061
2000 300 16.5992937459 23.1855775486 34.5460459065 52.7135024626 77.8505715082 40.8535452096
2050 300 19.5586826111 27.1983827989 40.3775219543 61.7870597656 91.3351098043 47.8334492853
2100 300 23.1369702715 32.3354712565 48.1699278636 73.5139458755 108.856334523 56.8796196175
2150 300 28.0801335559 39.2320534224 58.4474123539 89.1986644407 131.736227045 68.7312186978
2200 300 34.1225103345 47.4633596392 70.4622322435 107.534761368 158.812476513 82.7132656896
2250 300 40.7801043802 56.7118135525 84.1802776428 128.827096583 189.93386439 98.527267733
2300 300 38.5829200579 53.8879529222 80.298032888 122.867380111 182.094297985 95.4132358873
2350 300 43.9943576504 61.1875548931 90.8365049371 139.355388178 206.18529263 108.109546749
2400 300 49.9150192325 69.4456868533 103.0801801 157.736231625 233.771655187 122.640665534
2450 300 56.6031438774 78.7304342022 116.844107733 178.787170844 264.960117478 139.038147048
2500 300 64.5991939095 89.8641588297 133.378116137 204.097626511 302.507836991 158.41916704
