600 300 0.46204E+00
600 325 0.36253E+00
600 350 0.20280E+00
600 375 0.11102E+00
600 400 0.65284E-01
600 425 0.36079E-01
600 450 0.17931E-01
600 475 0.85800E-02
600 525 0.31070E-02
600 550 0.21784E-02
600 625 0.95748E-03
600 675 0.61953E-03
600 700 0.50836E-03
600 750 0.35459E-03
600 775 0.30004E-03
600 800 0.25576E-03
600 825 0.21961E-03
600 875 0.16457E-03
600 900 0.14338E-03
600 925 0.12564E-03
650 300 0.42995E+00
650 350 0.21679E+00
650 375 0.13124E+00
650 400 0.88348E-01
650 425 0.58835E-01
650 450 0.37297E-01
650 475 0.21889E-01
650 500 0.11772E-01
650 525 0.62170E-02
650 550 0.37035E-02
650 600 0.17831E-02
650 625 0.13379E-02
650 650 0.10385E-02
650 675 0.82273E-03
650 700 0.66366E-03
650 725 0.54328E-03
650 750 0.45039E-03
650 775 0.37734E-03
650 800 0.31910E-03
650 825 0.27260E-03
650 850 0.23412E-03
650 875 0.20175E-03
650 900 0.17555E-03
650 925 0.15318E-03
650 975 0.11834E-03
650 1000 0.10486E-03
700 300 0.38276E+00
700 325 0.33159E+00
700 375 0.13521E+00
700 400 0.97982E-01
700 425 0.71675E-01
700 450 0.51389E-01
700 475 0.35522E-01
700 500 0.23234E-01
700 575 0.45920E-02
700 600 0.28794E-02
700 625 0.19863E-02
700 650 0.14577E-02
700 725 0.70093E-03
700 750 0.57110E-03
700 825 0.33360E-03
700 850 0.28404E-03
700 875 0.24357E-03
700 900 0.21074E-03
700 925 0.18302E-03
700 950 0.15983E-03
700 975 0.14031E-03
750 300 0.33249E+00
750 325 0.29582E+00
750 350 0.19419E+00
750 375 0.12973E+00
750 450 0.58549E-01
750 500 0.32372E-01
750 550 0.15245E-01
750 575 0.96011E-02
750 600 0.57431E-02
750 625 0.34566E-02
750 650 0.22545E-02
750 675 0.15953E-02
750 700 0.11907E-02
750 725 0.92087E-03
750 775 0.59433E-03
750 800 0.48894E-03
750 850 0.34418E-03
750 875 0.29244E-03
750 900 0.25059E-03
750 925 0.21641E-03
750 950 0.18808E-03
750 975 0.16436E-03
800 300 0.33249E+00
825 300 0.30249E+00
